Date,Open,High,Low,Close,Volume,Dividends,Stock Splits,Change,%Change,Result
2014-07-22,222.19,223.3,219.11,219.58,2730000,0,0,-2.61,-1.17%,0.0
2014-07-23,220.01,224.75,219.43,222.49,3083300,0,0,2.48,1.13%,1.0
2014-07-24,223.25,225.1,220.8,223.54,3245500,0,0,0.29,0.13%,1.0
2014-07-25,222.72,226.97,221.75,223.57,3087100,0,0,0.85,0.38%,1.0
2014-07-28,224.25,232.0,221.4,224.82,6514300,0,0,0.57,0.25%,1.0
2014-07-29,226.61,228.3,224.86,225.01,3382400,0,0,-1.60,-0.71%,0.0
2014-07-30,221.92,229.6,221.04,228.92,4927800,0,0,7.00,3.15%,1.0
2014-07-31,229.26,231.4,221.5,223.3,7749100,0,0,-5.96,-2.60%,0.0
2014-08-01,226.09,237.5,226.0,233.27,11895800,0,0,7.18,3.18%,1.0
2014-08-04,234.38,240.5,233.27,238.52,5959700,0,0,4.14,1.77%,1.0
2014-08-05,237.47,242.99,235.69,238.49,5388600,0,0,1.02,0.43%,1.0
2014-08-06,238.9,251.42,238.58,248.93,9249300,0,0,10.03,4.20%,1.0
2014-08-07,250.12,256.69,249.12,252.39,7478900,0,0,2.27,0.91%,1.0
2014-08-08,251.16,251.76,246.5,248.13,5090100,0,0,-3.03,-1.21%,0.0
2014-08-11,255.48,263.74,255.0,259.32,8101300,0,0,3.84,1.50%,1.0
2014-08-12,258.08,260.3,254.58,259.96,6382300,0,0,1.88,0.73%,1.0
2014-08-13,262.01,265.64,259.61,260.31,6932600,0,0,-1.70,-0.65%,0.0
2014-08-14,262.49,263.0,256.5,261.38,4126600,0,0,-1.11,-0.42%,0.0
2014-08-15,261.48,262.09,258.5,262.01,3867900,0,0,0.53,0.20%,1.0
2014-08-18,263.25,267.26,259.75,259.94,5849200,0,0,-3.31,-1.26%,0.0
2014-08-19,258.87,259.33,251.62,256.76,5334800,0,0,-2.11,-0.82%,0.0
2014-08-20,254.67,258.74,253.0,255.71,3027900,0,0,1.04,0.41%,1.0
2014-08-21,256.52,258.8,253.26,254.34,2915600,0,0,-2.18,-0.85%,0.0
2014-08-22,254.54,256.95,252.61,256.78,2833400,0,0,2.24,0.88%,1.0
2014-08-25,258.19,263.68,258.19,262.55,4318100,0,0,4.36,1.69%,1.0
2014-08-26,264.98,265.5,261.66,261.74,3818000,0,0,-3.24,-1.22%,0.0
2014-08-27,263.5,264.24,260.29,263.25,2985100,0,0,-0.25,-0.09%,0.0
2014-08-28,261.89,264.48,261.64,263.86,2844900,0,0,1.97,0.75%,1.0
2014-08-29,268.7,272.0,267.51,269.7,6447100,0,0,1.00,0.37%,1.0
2014-09-02,275.5,284.89,274.3,284.12,9852400,0,0,8.62,3.13%,1.0
2014-09-03,287.67,288.0,280.1,281.19,6772300,0,0,-6.48,-2.25%,0.0
2014-09-04,284.01,291.42,280.4,286.04,8341700,0,0,2.03,0.71%,1.0
2014-09-05,282.55,282.9,272.51,277.39,11169900,0,0,-5.16,-1.83%,0.0
2014-09-08,277.62,284.88,277.52,282.11,5501600,0,0,4.49,1.62%,1.0
2014-09-09,282.99,285.49,277.0,278.48,4558800,0,0,-4.51,-1.59%,0.0
2014-09-10,279.5,281.41,273.66,281.1,3781300,0,0,1.60,0.57%,1.0
2014-09-11,280.46,284.79,278.63,280.31,3766100,0,0,-0.15,-0.05%,0.0
2014-09-12,280.5,282.39,277.0,279.2,3324600,0,0,-1.30,-0.46%,0.0
2014-09-15,274.37,274.4,249.13,253.86,16455400,0,0,-20.51,-7.48%,0.0
2014-09-16,255.15,262.46,252.42,260.74,8300100,0,0,5.59,2.19%,1.0
2014-09-17,262.41,264.7,259.5,261.38,5177700,0,0,-1.03,-0.39%,0.0
2014-09-18,263.36,265.6,262.32,263.82,3692600,0,0,0.46,0.17%,1.0
2014-09-19,257.99,261.43,255.27,259.32,6810900,0,0,1.33,0.52%,1.0
2014-09-22,255.0,256.02,244.71,250.03,8214100,0,0,-4.97,-1.95%,0.0
2014-09-23,245.22,253.8,245.0,250.41,5658700,0,0,5.19,2.12%,1.0
2014-09-24,251.12,252.84,247.04,252.14,3749500,0,0,1.02,0.41%,1.0
2014-09-25,252.52,254.96,246.1,246.95,4834200,0,0,-5.57,-2.21%,0.0
2014-09-26,248.25,249.73,246.07,246.6,3795400,0,0,-1.65,-0.66%,0.0
2014-09-29,244.0,248.64,241.38,245.26,4852700,0,0,1.26,0.52%,1.0
2014-09-30,246.92,247.65,240.12,242.68,4238300,0,0,-4.24,-1.72%,0.0
2014-10-01,242.2,242.66,235.65,240.24,5941700,0,0,-1.96,-0.81%,0.0
2014-10-02,250.2,252.79,245.36,251.42,8998200,0,0,1.22,0.49%,1.0
2014-10-03,253.06,256.5,251.03,255.21,5406300,0,0,2.15,0.85%,1.0
2014-10-06,259.13,262.49,257.8,260.62,7713300,0,0,1.49,0.58%,1.0
2014-10-07,258.53,261.46,255.73,259.57,4485500,0,0,1.04,0.40%,1.0
2014-10-08,260.1,262.88,252.64,259.28,5055100,0,0,-0.82,-0.32%,0.0
2014-10-09,262.25,265.54,254.4,257.01,7361300,0,0,-5.24,-2.00%,0.0
2014-10-10,244.64,245.89,235.2,236.91,12888300,0,0,-7.73,-3.16%,0.0
2014-10-13,238.57,238.96,221.0,224.59,11268700,0,0,-13.98,-5.86%,0.0
2014-10-14,228.25,232.47,223.0,227.06,7105300,0,0,-1.19,-0.52%,0.0
2014-10-15,220.0,230.99,217.32,229.7,9147300,0,0,9.70,4.41%,1.0
2014-10-16,219.72,229.92,219.1,226.35,5399300,0,0,6.63,3.02%,1.0
2014-10-17,233.38,234.77,226.55,227.48,10549400,0,0,-5.90,-2.53%,0.0
2014-10-20,226.72,232.4,225.51,230.47,3494400,0,0,3.75,1.65%,1.0
2014-10-21,234.27,235.39,230.8,235.34,4130300,0,0,1.07,0.46%,1.0
2014-10-22,233.19,237.39,230.56,231.1,4116600,0,0,-2.09,-0.90%,0.0
2014-10-23,234.66,236.28,232.0,235.29,3492400,0,0,0.63,0.27%,1.0
2014-10-24,236.27,237.8,231.2,235.24,3463300,0,0,-1.03,-0.44%,0.0
2014-10-27,234.25,234.61,220.31,221.67,9553300,0,0,-12.58,-5.37%,0.0
2014-10-28,229.6,244.6,228.25,242.77,10516300,0,0,13.17,5.74%,1.0
2014-10-29,241.13,241.5,235.64,238.1,4962500,0,0,-3.03,-1.26%,0.0
2014-10-30,238.14,240.5,235.06,238.66,3228400,0,0,0.52,0.22%,1.0
2014-10-31,242.51,243.12,238.75,241.7,3775300,0,0,-0.81,-0.33%,0.0
2014-11-03,243.0,247.56,241.32,242.59,4203800,0,0,-0.41,-0.17%,0.0
2014-11-04,240.49,242.35,236.53,238.93,3682600,0,0,-1.56,-0.65%,0.0
2014-11-05,241.0,241.36,230.53,230.97,9045900,0,0,-10.03,-4.16%,0.0
2014-11-06,234.49,246.69,228.5,241.22,15354700,0,0,6.73,2.87%,1.0
2014-11-07,242.19,242.84,237.2,240.2,5161000,0,0,-1.99,-0.82%,0.0
2014-11-10,239.11,242.88,236.8,241.93,4577200,0,0,2.82,1.18%,1.0
2014-11-11,242.55,251.82,242.0,251.08,7948800,0,0,8.53,3.52%,1.0
2014-11-12,249.72,252.34,245.58,249.1,5870800,0,0,-0.62,-0.25%,0.0
2014-11-13,250.62,255.75,250.25,251.7,6236000,0,0,1.08,0.43%,1.0
2014-11-14,250.0,258.85,248.5,258.68,6101100,0,0,8.68,3.47%,1.0
2014-11-17,257.49,259.0,252.02,253.98,4025700,0,0,-3.51,-1.36%,0.0
2014-11-18,255.86,259.99,255.51,257.7,4473000,0,0,1.84,0.72%,1.0
2014-11-19,250.61,251.88,245.6,247.74,7918500,0,0,-2.87,-1.15%,0.0
2014-11-20,247.95,250.93,246.0,248.71,3587200,0,0,0.76,0.31%,1.0
2014-11-21,252.21,252.78,242.17,242.78,7485100,0,0,-9.43,-3.74%,0.0
2014-11-24,245.2,247.6,240.64,246.72,4789700,0,0,1.52,0.62%,1.0
2014-11-25,247.35,249.72,246.09,248.09,3159800,0,0,0.74,0.30%,1.0
2014-11-26,248.34,249.0,246.6,248.44,1981200,0,0,0.10,0.04%,1.0
2014-11-28,245.35,246.69,242.52,244.52,2119700,0,0,-0.83,-0.34%,0.0
2014-12-01,241.16,242.47,229.01,231.64,8619400,0,0,-9.52,-3.95%,0.0
2014-12-02,234.57,234.88,228.0,231.43,5887000,0,0,-3.14,-1.34%,0.0
2014-12-03,226.25,229.72,225.5,229.3,5307700,0,0,3.05,1.35%,1.0
2014-12-04,228.6,230.9,227.81,228.28,3855600,0,0,-0.32,-0.14%,0.0
2014-12-05,228.67,229.39,222.26,223.71,6063600,0,0,-4.96,-2.17%,0.0
2014-12-08,221.54,224.86,212.34,214.36,9225600,0,0,-7.18,-3.24%,0.0
2014-12-09,209.34,217.73,204.27,216.89,9431500,0,0,7.55,3.61%,1.0
2014-12-10,214.13,216.77,207.7,209.84,7314100,0,0,-4.29,-2.00%,0.0
2014-12-11,210.53,215.43,208.23,208.88,6694400,0,0,-1.65,-0.78%,0.0
2014-12-12,204.82,211.68,204.5,207.0,7173800,0,0,2.18,1.06%,1.0
2014-12-15,209.29,209.8,202.67,204.04,5218300,0,0,-5.25,-2.51%,0.0
2014-12-16,200.89,203.68,195.37,197.81,8426100,0,0,-3.08,-1.53%,0.0
2014-12-17,193.06,206.65,192.65,205.82,7367800,0,0,12.76,6.61%,1.0
2014-12-18,212.38,218.44,211.8,218.26,7483300,0,0,5.88,2.77%,1.0
2014-12-19,220.19,220.4,214.5,219.29,6910500,0,0,-0.90,-0.41%,0.0
2014-12-22,220.0,224.06,218.26,222.6,4799400,0,0,2.60,1.18%,1.0
2014-12-23,223.81,224.32,219.52,220.97,4505700,0,0,-2.84,-1.27%,0.0
2014-12-24,219.77,222.5,219.25,222.26,1332200,0,0,2.49,1.13%,1.0
2014-12-26,221.51,228.5,221.5,227.82,3327000,0,0,6.31,2.85%,1.0
2014-12-29,226.9,227.91,224.02,225.71,2802500,0,0,-1.19,-0.52%,0.0
2014-12-30,223.99,225.65,221.4,222.23,2903200,0,0,-1.76,-0.79%,0.0
2014-12-31,223.09,225.68,222.25,222.41,2297500,0,0,-0.68,-0.30%,0.0
2015-01-02,222.87,223.25,213.26,219.31,4764400,0,0,-3.56,-1.60%,0.0
2015-01-05,214.55,216.5,207.16,210.09,5368500,0,0,-4.46,-2.08%,0.0
2015-01-06,210.06,214.2,204.21,211.28,6261900,0,0,1.22,0.58%,1.0
2015-01-07,213.35,214.78,209.78,210.95,2968400,0,0,-2.40,-1.12%,0.0
2015-01-08,212.81,213.8,210.01,210.62,3442500,0,0,-2.19,-1.03%,0.0
2015-01-09,208.92,209.98,204.96,206.66,4668300,0,0,-2.26,-1.08%,0.0
2015-01-12,203.05,204.47,199.25,202.21,5950300,0,0,-0.84,-0.41%,0.0
2015-01-13,203.32,207.61,200.91,204.25,4477300,0,0,0.93,0.46%,1.0
2015-01-14,185.83,195.2,185.0,192.69,11551900,0,0,6.86,3.69%,1.0
2015-01-15,194.49,195.75,190.0,191.87,5216500,0,0,-2.62,-1.35%,0.0
2015-01-16,190.7,194.49,189.65,193.07,3603200,0,0,2.37,1.24%,1.0
2015-01-20,193.87,194.12,187.04,191.93,4503200,0,0,-1.94,-1.00%,0.0
2015-01-21,189.55,198.68,189.51,196.57,4153000,0,0,7.02,3.70%,1.0
2015-01-22,197.0,203.24,195.2,201.62,4116900,0,0,4.62,2.35%,1.0
2015-01-23,200.29,203.5,198.33,201.29,3438600,0,0,1.00,0.50%,1.0
2015-01-26,201.83,208.62,201.05,206.55,3234500,0,0,4.72,2.34%,1.0
2015-01-27,204.42,208.03,203.3,205.98,2781000,0,0,1.56,0.76%,1.0
2015-01-28,206.11,206.37,198.42,199.37,3149600,0,0,-6.74,-3.27%,0.0
2015-01-29,201.07,205.98,196.5,205.2,3548100,0,0,4.13,2.05%,1.0
2015-01-30,203.96,207.47,203.0,203.6,3007000,0,0,-0.36,-0.18%,0.0
2015-02-02,203.97,211.95,203.3,210.94,4149200,0,0,6.97,3.42%,1.0
2015-02-03,213.22,220.37,211.27,218.36,4826200,0,0,5.14,2.41%,1.0
2015-02-04,218.29,221.48,216.8,218.55,3305400,0,0,0.26,0.12%,1.0
2015-02-05,219.88,225.48,219.64,220.99,3522900,0,0,1.11,0.50%,1.0
2015-02-06,222.0,223.4,216.5,217.36,3243900,0,0,-4.64,-2.09%,0.0
2015-02-09,215.38,217.93,211.99,217.48,3472400,0,0,2.10,0.98%,1.0
2015-02-10,217.55,220.5,215.0,216.29,5390500,0,0,-1.26,-0.58%,0.0
2015-02-11,212.21,214.74,207.28,212.8,9769100,0,0,0.59,0.28%,1.0
2015-02-12,193.57,203.09,193.28,202.88,15649600,0,0,9.31,4.81%,1.0
2015-02-13,202.9,205.99,200.91,203.77,6191000,0,0,0.87,0.43%,1.0
2015-02-17,205.7,205.7,201.5,204.35,3979600,0,0,-1.35,-0.66%,0.0
2015-02-18,204.17,206.17,202.6,204.46,2713600,0,0,0.29,0.14%,1.0
2015-02-19,205.0,212.44,203.75,211.71,5154100,0,0,6.71,3.27%,1.0
2015-02-20,210.78,217.6,209.81,217.11,5982100,0,0,6.33,3.00%,1.0
2015-02-23,215.66,218.2,206.33,207.34,8499800,0,0,-8.32,-3.86%,0.0
2015-02-24,207.29,207.29,201.7,204.11,6603600,0,0,-3.18,-1.53%,0.0
2015-02-25,204.94,207.14,202.58,203.76,3909500,0,0,-1.18,-0.58%,0.0
2015-02-26,204.0,211.09,202.22,207.19,6472900,0,0,3.19,1.56%,1.0
2015-02-27,206.9,208.55,202.8,203.34,3882100,0,0,-3.56,-1.72%,0.0
2015-03-02,202.7,203.34,195.83,197.33,7922100,0,0,-5.37,-2.65%,0.0
2015-03-03,196.81,200.24,195.32,199.56,4432300,0,0,2.75,1.40%,1.0
2015-03-04,199.25,202.52,197.21,202.44,4222000,0,0,3.19,1.60%,1.0
2015-03-05,202.85,206.19,200.15,200.63,4877000,0,0,-2.22,-1.09%,0.0
2015-03-06,199.21,200.75,192.15,193.88,6712400,0,0,-5.33,-2.68%,0.0
2015-03-09,194.39,194.49,188.25,190.88,6736700,0,0,-3.51,-1.81%,0.0
2015-03-10,188.46,193.5,187.6,190.32,5579700,0,0,1.86,0.99%,1.0
2015-03-11,191.15,196.18,191.01,193.74,4974900,0,0,2.59,1.35%,1.0
2015-03-12,193.75,194.45,189.75,191.07,4149300,0,0,-2.68,-1.38%,0.0
2015-03-13,188.95,191.75,187.32,188.68,5434300,0,0,-0.27,-0.14%,0.0
2015-03-16,192.0,195.91,189.8,195.7,5628800,0,0,3.70,1.93%,1.0
2015-03-17,195.43,198.71,193.94,194.73,4894100,0,0,-0.70,-0.36%,0.0
2015-03-18,194.96,200.88,193.11,200.71,4820900,0,0,5.75,2.95%,1.0
2015-03-19,202.0,204.59,194.53,195.65,8475200,0,0,-6.35,-3.14%,0.0
2015-03-20,197.45,198.99,195.62,198.08,4269500,0,0,0.63,0.32%,1.0
2015-03-23,198.5,200.5,197.47,199.63,2631600,0,0,1.13,0.57%,1.0
2015-03-24,201.58,203.79,199.75,201.72,3649900,0,0,0.14,0.07%,1.0
2015-03-25,198.27,198.59,192.7,194.3,5730400,0,0,-3.97,-2.00%,0.0
2015-03-26,193.92,194.79,189.7,190.41,4128000,0,0,-3.51,-1.81%,0.0
2015-03-27,189.07,189.29,181.4,185.0,8604900,0,0,-4.07,-2.15%,0.0
2015-03-30,185.85,192.25,181.8,190.57,10089500,0,0,4.72,2.54%,1.0
2015-03-31,193.53,193.76,188.41,188.77,5026600,0,0,-4.76,-2.46%,0.0
2015-04-01,188.7,192.3,186.05,187.59,3794600,0,0,-1.11,-0.59%,0.0
2015-04-02,190.23,193.23,190.0,191.0,5010400,0,0,0.77,0.40%,1.0
2015-04-06,198.0,207.75,197.5,203.1,12455800,0,0,5.10,2.58%,1.0
2015-04-07,202.51,205.06,201.14,203.25,4347900,0,0,0.74,0.37%,1.0
2015-04-08,208.2,210.9,205.87,207.67,6303100,0,0,-0.53,-0.25%,0.0
2015-04-09,208.43,210.37,206.12,210.09,3800200,0,0,1.66,0.80%,1.0
2015-04-10,209.85,211.65,209.0,210.9,4067700,0,0,1.05,0.50%,1.0
2015-04-13,210.44,213.0,209.05,209.78,3758200,0,0,-0.66,-0.31%,0.0
2015-04-14,208.57,209.49,205.5,207.46,3026000,0,0,-1.11,-0.53%,0.0
2015-04-15,207.46,209.59,206.6,207.83,1952400,0,0,0.37,0.18%,1.0
2015-04-16,207.7,209.17,206.29,206.7,1659100,0,0,-1.00,-0.48%,0.0
2015-04-17,204.99,206.88,203.5,206.79,2469900,0,0,1.80,0.88%,1.0
2015-04-20,206.78,207.85,203.85,205.27,2559300,0,0,-1.51,-0.73%,0.0
2015-04-21,205.8,210.75,204.31,209.41,3432500,0,0,3.61,1.75%,1.0
2015-04-22,212.5,221.88,211.69,219.44,7863000,0,0,6.94,3.27%,1.0
2015-04-23,218.27,221.48,217.15,218.6,4411200,0,0,0.33,0.15%,1.0
2015-04-24,220.5,220.8,218.01,218.43,2427800,0,0,-2.07,-0.94%,0.0
2015-04-27,222.56,238.75,222.0,231.55,11672600,0,0,8.99,4.04%,1.0
2015-04-28,234.75,235.5,228.03,230.48,6085400,0,0,-4.27,-1.82%,0.0
2015-04-29,230.05,234.97,227.63,232.45,3936100,0,0,2.40,1.04%,1.0
2015-04-30,230.39,232.89,225.17,226.05,3911900,0,0,-4.34,-1.88%,0.0
2015-05-01,229.94,231.77,220.41,226.03,5281700,0,0,-3.91,-1.70%,0.0
2015-05-04,228.18,234.73,227.11,230.51,4434600,0,0,2.33,1.02%,1.0
2015-05-05,237.76,239.5,229.13,232.95,5796900,0,0,-4.81,-2.02%,0.0
2015-05-06,234.1,234.47,228.2,230.43,5270900,0,0,-3.67,-1.57%,0.0
2015-05-07,221.0,237.48,220.25,236.8,9455900,0,0,15.80,7.15%,1.0
2015-05-08,235.99,238.41,233.7,236.61,4668200,0,0,0.62,0.26%,1.0
2015-05-11,236.29,242.88,235.31,239.49,5672300,0,0,3.20,1.35%,1.0
2015-05-12,240.11,246.35,238.19,244.74,6363400,0,0,4.63,1.93%,1.0
2015-05-13,247.61,248.3,242.25,243.18,5440200,0,0,-4.43,-1.79%,0.0
2015-05-14,244.82,244.89,241.25,244.1,2895900,0,0,-0.72,-0.29%,0.0
2015-05-15,243.93,249.4,242.5,248.84,4527600,0,0,4.91,2.01%,1.0
2015-05-18,247.0,249.9,246.0,248.75,3353200,0,0,1.75,0.71%,1.0
2015-05-19,248.43,251.0,246.15,247.14,3674200,0,0,-1.29,-0.52%,0.0
2015-05-20,247.13,247.74,241.37,244.35,3755600,0,0,-2.78,-1.12%,0.0
2015-05-21,243.03,246.62,242.36,245.62,1970600,0,0,2.59,1.07%,1.0
2015-05-22,245.38,248.6,245.01,247.73,2223100,0,0,2.35,0.96%,1.0
2015-05-26,247.68,252.0,246.5,247.46,3498700,0,0,-0.22,-0.09%,0.0
2015-05-27,248.51,249.5,245.55,247.43,3408200,0,0,-1.08,-0.43%,0.0
2015-05-28,247.03,251.8,245.05,251.45,3647300,0,0,4.42,1.79%,1.0
2015-05-29,251.0,252.87,249.43,250.8,3789300,0,0,-0.20,-0.08%,0.0
2015-06-01,251.41,251.6,247.47,249.45,2505100,0,0,-1.96,-0.78%,0.0
2015-06-02,248.92,249.4,246.3,248.35,2134800,0,0,-0.57,-0.23%,0.0
2015-06-03,248.2,250.72,247.01,248.99,1781500,0,0,0.79,0.32%,1.0
2015-06-04,247.5,249.3,245.71,245.92,2453600,0,0,-1.58,-0.64%,0.0
2015-06-05,246.0,249.7,245.68,249.14,3022000,0,0,3.14,1.28%,1.0
2015-06-08,250.85,258.75,250.31,256.29,5017000,0,0,5.44,2.17%,1.0
2015-06-09,255.4,257.74,254.14,256.0,2611100,0,0,0.60,0.23%,1.0
2015-06-10,251.9,254.0,248.5,250.7,3454500,0,0,-1.20,-0.48%,0.0
2015-06-11,253.26,254.37,250.43,251.41,2044100,0,0,-1.85,-0.73%,0.0
2015-06-12,250.21,253.46,250.21,250.69,1422300,0,0,0.48,0.19%,1.0
2015-06-15,249.7,251.28,246.01,250.38,2186200,0,0,0.68,0.27%,1.0
2015-06-16,250.13,253.44,249.1,253.12,1984700,0,0,2.99,1.20%,1.0
2015-06-17,252.17,264.36,252.02,260.41,5512900,0,0,8.24,3.27%,1.0
2015-06-18,262.0,263.46,260.02,261.89,2782700,0,0,-0.11,-0.04%,0.0
2015-06-19,262.4,263.8,260.1,262.51,2463000,0,0,0.11,0.04%,1.0
2015-06-22,262.15,264.4,255.69,259.79,4561100,0,0,-2.36,-0.90%,0.0
2015-06-23,260.32,268.0,258.57,267.67,3870800,0,0,7.35,2.82%,1.0
2015-06-24,266.98,267.35,263.72,265.17,2412300,0,0,-1.81,-0.68%,0.0
2015-06-25,266.45,271.41,265.25,268.79,2849200,0,0,2.34,0.88%,1.0
2015-06-26,268.89,269.11,266.0,267.09,3838400,0,0,-1.80,-0.67%,0.0
2015-06-29,261.95,265.95,260.7,262.02,3478900,0,0,0.07,0.03%,1.0
2015-06-30,264.8,270.92,264.0,268.26,3086900,0,0,3.46,1.31%,1.0
2015-07-01,271.11,272.62,267.85,269.15,2101200,0,0,-1.96,-0.72%,0.0
2015-07-02,280.2,282.45,273.31,280.02,7163900,0,0,-0.18,-0.06%,0.0
2015-07-06,278.88,281.69,276.3,279.72,4121900,0,0,0.84,0.30%,1.0
2015-07-07,275.0,275.2,260.77,267.88,6105100,0,0,-7.12,-2.59%,0.0
2015-07-08,259.32,260.8,254.31,254.96,6221100,0,0,-4.36,-1.68%,0.0
2015-07-09,259.08,262.95,256.79,257.92,3334100,0,0,-1.16,-0.45%,0.0
2015-07-10,262.22,263.0,257.82,259.15,2610900,0,0,-3.07,-1.17%,0.0
2015-07-13,262.25,262.55,256.05,262.16,2960300,0,0,-0.09,-0.03%,0.0
2015-07-14,262.1,265.99,260.51,265.65,1907600,0,0,3.55,1.35%,1.0
2015-07-15,266.74,267.49,262.08,263.14,2021600,0,0,-3.60,-1.35%,0.0
2015-07-16,264.22,267.2,263.16,266.68,1616000,0,0,2.46,0.93%,1.0
2015-07-17,272.5,275.54,268.25,274.66,5004100,0,0,2.16,0.79%,1.0
2015-07-20,275.0,286.65,272.54,282.26,4978500,0,0,7.26,2.64%,1.0
2015-07-21,270.05,273.5,266.55,266.77,6108700,0,0,-3.28,-1.21%,0.0
2015-07-22,261.27,269.44,260.86,267.87,3105000,0,0,6.60,2.53%,1.0
2015-07-23,269.65,269.9,265.27,267.2,2227200,0,0,-2.45,-0.91%,0.0
2015-07-24,267.38,271.09,263.92,265.41,2836500,0,0,-1.97,-0.74%,0.0
2015-07-27,262.43,264.43,250.79,253.01,4694200,0,0,-9.42,-3.59%,0.0
2015-07-28,255.75,265.4,251.84,264.82,3895800,0,0,9.07,3.55%,1.0
2015-07-29,264.27,267.89,262.0,263.82,2790100,0,0,-0.45,-0.17%,0.0
2015-07-30,262.69,266.94,262.11,266.79,2034600,0,0,4.10,1.56%,1.0
2015-07-31,267.6,269.36,265.12,266.15,2222600,0,0,-1.45,-0.54%,0.0
2015-08-03,266.29,266.71,257.07,259.99,2553500,0,0,-6.30,-2.37%,0.0
2015-08-04,260.01,266.72,258.34,266.28,2352500,0,0,6.27,2.41%,1.0
2015-08-05,263.58,271.0,260.4,270.13,6214300,0,0,6.55,2.49%,1.0
2015-08-06,249.54,255.0,236.12,246.13,14623800,0,0,-3.41,-1.37%,0.0
2015-08-07,243.58,243.73,238.39,242.51,5073400,0,0,-1.07,-0.44%,0.0
2015-08-10,238.15,242.97,236.05,241.14,4185900,0,0,2.99,1.26%,1.0
2015-08-11,237.15,239.3,234.44,237.37,4264900,0,0,0.22,0.09%,1.0
2015-08-12,235.0,239.77,232.74,238.17,3728000,0,0,3.17,1.35%,1.0
2015-08-13,239.86,246.48,239.12,242.51,4689200,0,0,2.65,1.10%,1.0
2015-08-14,247.24,247.93,241.77,243.15,4364800,0,0,-4.09,-1.65%,0.0
2015-08-17,255.56,256.59,250.51,254.99,7176700,0,0,-0.57,-0.22%,0.0
2015-08-18,255.38,260.95,253.56,260.72,4195000,0,0,5.34,2.09%,1.0
2015-08-19,260.33,260.65,255.02,255.25,3604300,0,0,-5.08,-1.95%,0.0
2015-08-20,252.06,254.56,241.9,242.18,4905800,0,0,-9.88,-3.92%,0.0
2015-08-21,236.0,243.8,230.51,230.77,6590200,0,0,-5.23,-2.22%,0.0
2015-08-24,202.79,231.4,195.0,218.87,9581600,0,0,16.08,7.93%,1.0
2015-08-25,230.52,230.9,219.12,220.03,4327300,0,0,-10.49,-4.55%,0.0
2015-08-26,227.93,228.0,215.51,224.84,4963000,0,0,-3.09,-1.36%,0.0
2015-08-27,231.0,244.75,230.81,242.99,7656000,0,0,11.99,5.19%,1.0
2015-08-28,241.86,251.45,241.57,248.48,5513700,0,0,6.62,2.74%,1.0
2015-08-31,245.62,254.95,245.51,249.06,4700200,0,0,3.44,1.40%,1.0
2015-09-01,240.34,246.0,236.97,238.63,5454800,0,0,-1.71,-0.71%,0.0
2015-09-02,245.3,247.88,239.78,247.69,4629200,0,0,2.39,0.97%,1.0
2015-09-03,252.06,252.08,245.0,245.57,4194800,0,0,-6.49,-2.57%,0.0
2015-09-04,240.89,244.09,238.2,241.93,3689200,0,0,1.04,0.43%,1.0
2015-09-08,245.05,249.16,244.05,248.17,3138200,0,0,3.12,1.27%,1.0
2015-09-09,252.05,254.25,248.3,248.91,3390800,0,0,-3.14,-1.25%,0.0
2015-09-10,247.23,250.72,245.33,248.48,2709000,0,0,1.25,0.51%,1.0
2015-09-11,247.64,250.24,244.73,250.24,2350800,0,0,2.60,1.05%,1.0
2015-09-14,251.1,254.25,249.67,253.19,2890900,0,0,2.09,0.83%,1.0
2015-09-15,252.75,254.6,249.5,253.57,2933500,0,0,0.82,0.32%,1.0
2015-09-16,253.04,262.88,252.88,262.25,4417100,0,0,9.21,3.64%,1.0
2015-09-17,263.96,265.5,260.69,262.07,3585800,0,0,-1.89,-0.72%,0.0
2015-09-18,257.96,263.82,257.5,260.62,3763100,0,0,2.66,1.03%,1.0
2015-09-21,263.98,271.57,255.8,264.2,6120200,0,0,0.22,0.08%,1.0
2015-09-22,259.03,262.65,255.87,260.94,3664400,0,0,1.91,0.74%,1.0
2015-09-23,261.95,262.08,257.58,261.06,2600800,0,0,-0.89,-0.34%,0.0
2015-09-24,259.53,263.45,256.21,263.12,3448200,0,0,3.59,1.38%,1.0
2015-09-25,266.61,266.91,256.15,256.91,3773400,0,0,-9.70,-3.64%,0.0
2015-09-28,257.35,259.79,246.61,248.43,4901100,0,0,-8.92,-3.47%,0.0
2015-09-29,250.46,254.73,245.46,246.65,3703200,0,0,-3.81,-1.52%,0.0
2015-09-30,252.0,252.4,242.34,248.4,4929600,0,0,-3.60,-1.43%,0.0
2015-10-01,247.51,248.5,237.13,239.88,4573000,0,0,-7.63,-3.08%,0.0
2015-10-02,235.6,247.7,234.93,247.57,4424000,0,0,11.97,5.08%,1.0
2015-10-05,248.84,249.84,244.13,246.15,3689900,0,0,-2.69,-1.08%,0.0
2015-10-06,240.0,243.03,235.58,241.46,5225200,0,0,1.46,0.61%,1.0
2015-10-07,236.63,237.7,229.12,231.96,6814000,0,0,-4.67,-1.97%,0.0
2015-10-08,230.08,230.72,221.31,226.72,6133200,0,0,-3.36,-1.46%,0.0
2015-10-09,220.93,224.37,218.36,220.69,6158400,0,0,-0.24,-0.11%,0.0
2015-10-12,222.99,223.0,215.27,215.58,3836300,0,0,-7.41,-3.32%,0.0
2015-10-13,213.28,222.52,211.13,219.25,5171500,0,0,5.97,2.80%,1.0
2015-10-14,220.67,220.95,215.43,216.88,3104400,0,0,-3.79,-1.72%,0.0
2015-10-15,216.43,221.73,213.7,221.31,2844200,0,0,4.88,2.25%,1.0
2015-10-16,223.04,230.48,222.87,227.01,4334500,0,0,3.97,1.78%,1.0
2015-10-19,226.5,231.15,224.94,228.1,2507900,0,0,1.60,0.71%,1.0
2015-10-20,227.72,228.6,202.0,213.03,14900000,0,0,-14.69,-6.45%,0.0
2015-10-21,211.99,214.81,208.8,210.09,4151500,0,0,-1.90,-0.90%,0.0
2015-10-22,211.56,215.75,209.4,211.72,2825200,0,0,0.16,0.08%,1.0
2015-10-23,215.0,215.35,207.69,209.09,4235500,0,0,-5.91,-2.75%,0.0
2015-10-26,211.38,215.88,210.0,215.26,3391400,0,0,3.88,1.84%,1.0
2015-10-27,214.84,217.1,207.51,210.35,3519400,0,0,-4.49,-2.09%,0.0
2015-10-28,211.31,213.45,208.3,212.96,2728600,0,0,1.65,0.78%,1.0
2015-10-29,211.75,213.75,210.64,211.63,1805000,0,0,-0.12,-0.06%,0.0
2015-10-30,210.4,211.63,203.89,206.93,4438900,0,0,-3.47,-1.65%,0.0
2015-11-02,208.92,215.8,207.22,213.79,3927900,0,0,4.87,2.33%,1.0
2015-11-03,213.85,214.44,207.75,208.35,8332500,0,0,-5.50,-2.57%,0.0
2015-11-04,227.0,232.74,225.2,231.63,12726400,0,0,4.63,2.04%,1.0
2015-11-05,230.58,234.58,229.19,231.77,4496800,0,0,1.19,0.52%,1.0
2015-11-06,230.7,233.36,229.5,232.36,2445300,0,0,1.66,0.72%,1.0
2015-11-09,232.99,232.99,224.31,225.33,3850900,0,0,-7.66,-3.29%,0.0
2015-11-10,223.48,223.7,216.08,216.5,4617000,0,0,-6.98,-3.12%,0.0
2015-11-11,217.77,219.48,213.63,219.08,3347800,0,0,1.31,0.60%,1.0
2015-11-12,217.85,219.0,212.66,212.94,2915900,0,0,-4.91,-2.25%,0.0
2015-11-13,212.95,212.99,206.52,207.19,3430300,0,0,-5.76,-2.70%,0.0
2015-11-16,206.09,214.98,205.8,214.31,2925400,0,0,8.22,3.99%,1.0
2015-11-17,215.2,216.0,211.4,214.0,2148700,0,0,-1.20,-0.56%,0.0
2015-11-18,214.5,221.38,212.52,221.07,2811900,0,0,6.57,3.06%,1.0
2015-11-19,220.54,226.19,220.3,221.8,2504400,0,0,1.26,0.57%,1.0
2015-11-20,223.49,225.0,213.58,220.01,4400700,0,0,-3.48,-1.56%,0.0
2015-11-23,217.35,219.18,214.68,217.75,2526200,0,0,0.40,0.18%,1.0
2015-11-24,215.37,221.0,215.0,218.25,2480300,0,0,2.88,1.34%,1.0
2015-11-25,221.34,230.83,220.38,229.64,3990800,0,0,8.30,3.75%,1.0
2015-11-27,231.06,232.25,227.01,231.61,1949400,0,0,0.55,0.24%,1.0
2015-11-30,231.79,234.28,229.08,230.26,2659800,0,0,-1.53,-0.66%,0.0
2015-12-01,231.06,238.0,231.05,237.19,3734000,0,0,6.13,2.65%,1.0
2015-12-02,237.0,238.6,231.23,231.99,2981500,0,0,-5.01,-2.11%,0.0
2015-12-03,235.48,237.45,230.0,232.71,2939600,0,0,-2.77,-1.18%,0.0
2015-12-04,232.46,233.27,227.66,230.38,2573600,0,0,-2.08,-0.89%,0.0
2015-12-07,227.7,235.63,226.15,231.13,3144200,0,0,3.43,1.51%,1.0
2015-12-08,227.52,228.8,224.2,226.72,2687600,0,0,-0.80,-0.35%,0.0
2015-12-09,226.7,227.5,220.72,224.52,3057800,0,0,-2.18,-0.96%,0.0
2015-12-10,224.71,228.49,223.64,227.07,2071700,0,0,2.36,1.05%,1.0
2015-12-11,225.24,225.75,216.64,217.02,3268700,0,0,-8.22,-3.65%,0.0
2015-12-14,217.51,220.92,214.87,218.58,2827100,0,0,1.07,0.49%,1.0
2015-12-15,221.82,222.22,218.0,221.09,2244400,0,0,-0.73,-0.33%,0.0
2015-12-16,222.1,234.88,220.73,234.51,5104300,0,0,12.41,5.59%,1.0
2015-12-17,233.94,237.76,229.81,233.39,3298600,0,0,-0.55,-0.24%,0.0
2015-12-18,232.89,235.9,229.29,230.46,3014200,0,0,-2.43,-1.04%,0.0
2015-12-21,231.69,235.83,231.08,232.56,1953200,0,0,0.87,0.38%,1.0
2015-12-22,234.99,236.55,229.63,229.95,1961500,0,0,-5.04,-2.14%,0.0
2015-12-23,232.18,233.45,228.13,229.7,1555000,0,0,-2.48,-1.07%,0.0
2015-12-24,230.56,231.88,228.28,230.57,708000,0,0,0.01,0.00%,1.0
2015-12-28,231.49,231.98,225.54,228.95,1901300,0,0,-2.54,-1.10%,0.0
2015-12-29,230.06,237.72,229.55,237.19,2406300,0,0,7.13,3.10%,1.0
2015-12-30,236.6,243.63,235.67,238.09,3697900,0,0,1.49,0.63%,1.0
2015-12-31,238.51,243.45,238.37,240.01,2715000,0,0,1.50,0.63%,1.0
2016-01-04,230.72,231.38,219.0,223.41,6827100,0,0,-7.31,-3.17%,0.0
2016-01-05,226.36,226.89,220.0,223.43,3186800,0,0,-2.93,-1.29%,0.0
2016-01-06,220.0,220.05,215.98,219.04,3779100,0,0,-0.96,-0.44%,0.0
2016-01-07,214.19,218.44,213.67,215.65,3554300,0,0,1.46,0.68%,1.0
2016-01-08,217.86,220.44,210.77,211.0,3628100,0,0,-6.86,-3.15%,0.0
2016-01-11,214.01,214.45,203.0,207.85,4091400,0,0,-6.16,-2.88%,0.0
2016-01-12,211.6,213.74,205.31,209.97,3091900,0,0,-1.63,-0.77%,0.0
2016-01-13,212.01,212.65,200.0,200.31,4126400,0,0,-11.70,-5.52%,0.0
2016-01-14,202.21,210.0,193.38,206.18,6490700,0,0,3.97,1.96%,1.0
2016-01-15,198.97,205.07,197.25,204.99,5578600,0,0,6.02,3.03%,1.0
2016-01-19,208.71,210.47,200.78,204.72,4038700,0,0,-3.99,-1.91%,0.0
2016-01-20,199.4,201.28,191.25,198.7,5838600,0,0,-0.70,-0.35%,0.0
2016-01-21,201.55,203.23,195.02,199.97,3166200,0,0,-1.58,-0.78%,0.0
2016-01-22,204.8,205.5,199.03,202.55,3124100,0,0,-2.25,-1.10%,0.0
2016-01-25,200.06,203.57,195.88,196.38,2698700,0,0,-3.68,-1.84%,0.0
2016-01-26,196.7,197.82,188.88,193.56,4964200,0,0,-3.14,-1.60%,0.0
2016-01-27,192.38,193.26,185.77,188.07,3617200,0,0,-4.31,-2.24%,0.0
2016-01-28,190.79,191.28,182.41,189.7,4592800,0,0,-1.09,-0.57%,0.0
2016-01-29,189.95,193.74,188.08,191.2,2852300,0,0,1.25,0.66%,1.0
2016-02-01,188.76,199.52,182.75,196.94,5297600,0,0,8.18,4.33%,1.0
2016-02-02,192.42,193.12,180.23,182.78,5773600,0,0,-9.64,-5.01%,0.0
2016-02-03,183.59,183.94,170.18,173.48,7931400,0,0,-10.11,-5.51%,0.0
2016-02-04,170.7,175.98,166.99,175.33,4385400,0,0,4.63,2.71%,1.0
2016-02-05,171.3,173.0,157.74,162.6,9437600,0,0,-8.70,-5.08%,0.0
2016-02-08,157.1,157.15,146.0,147.99,9313000,0,0,-9.11,-5.80%,0.0
2016-02-09,142.32,159.79,141.05,148.25,8651600,0,0,5.93,4.17%,1.0
2016-02-10,150.5,154.97,141.74,143.67,10406500,0,0,-6.83,-4.54%,0.0
2016-02-11,152.0,163.26,147.0,150.47,14252400,0,0,-1.53,-1.01%,0.0
2016-02-12,155.0,157.01,143.7,151.04,7235800,0,0,-3.96,-2.55%,0.0
2016-02-16,158.7,162.95,154.11,155.17,5593800,0,0,-3.53,-2.22%,0.0
2016-02-17,159.0,169.34,156.68,168.68,5825200,0,0,9.68,6.09%,1.0
2016-02-18,172.42,172.95,164.77,166.77,3887600,0,0,-5.65,-3.28%,0.0
2016-02-19,163.66,167.49,162.5,166.58,2959400,0,0,2.92,1.78%,1.0
2016-02-22,170.12,178.91,169.85,177.74,5060100,0,0,7.62,4.48%,1.0
2016-02-23,176.16,181.73,173.68,177.21,5984400,0,0,1.05,0.60%,1.0
2016-02-24,172.75,179.5,167.84,179.0,5395600,0,0,6.25,3.62%,1.0
2016-02-25,178.65,188.52,175.2,187.43,5750700,0,0,8.78,4.91%,1.0
2016-02-26,188.7,192.0,185.0,190.34,6065100,0,0,1.64,0.87%,1.0
2016-02-29,192.4,196.35,189.22,191.93,4499000,0,0,-0.47,-0.24%,0.0
2016-03-01,194.25,195.95,182.7,186.35,6712200,0,0,-7.90,-4.07%,0.0
2016-03-02,183.73,188.52,181.5,188.34,4862400,0,0,4.61,2.51%,1.0
2016-03-03,188.28,197.42,184.22,195.74,4829000,0,0,7.46,3.96%,1.0
2016-03-04,198.0,204.03,197.5,201.04,6489100,0,0,3.04,1.54%,1.0
2016-03-07,197.68,209.7,197.4,205.29,5329400,0,0,7.61,3.85%,1.0
2016-03-08,203.5,207.5,202.2,202.6,4178700,0,0,-0.90,-0.44%,0.0
2016-03-09,204.52,209.37,202.79,208.72,3208600,0,0,4.20,2.05%,1.0
2016-03-10,210.0,213.29,200.67,205.18,5192500,0,0,-4.82,-2.30%,0.0
2016-03-11,207.93,209.42,205.33,207.5,3343100,0,0,-0.43,-0.21%,0.0
2016-03-14,212.65,216.72,210.64,215.15,4065700,0,0,2.50,1.18%,1.0
2016-03-15,214.27,218.97,211.5,218.34,3180500,0,0,4.07,1.90%,1.0
2016-03-16,218.0,222.58,217.02,221.93,3516700,0,0,3.93,1.80%,1.0
2016-03-17,221.47,228.5,220.0,226.38,3782900,0,0,4.91,2.22%,1.0
2016-03-18,229.1,234.48,228.06,232.74,4711800,0,0,3.64,1.59%,1.0
2016-03-21,235.34,239.88,235.0,238.32,5307800,0,0,2.98,1.27%,1.0
2016-03-22,237.21,238.99,232.56,234.24,4316000,0,0,-2.97,-1.25%,0.0
2016-03-23,232.37,234.73,222.03,222.58,4948800,0,0,-9.79,-4.21%,0.0
2016-03-24,215.78,228.89,215.0,227.75,4960900,0,0,11.97,5.55%,1.0
2016-03-28,231.61,234.81,225.0,230.26,3925700,0,0,-1.35,-0.58%,0.0
2016-03-29,229.89,232.38,225.33,230.13,4014300,0,0,0.24,0.10%,1.0
2016-03-30,235.09,235.5,226.5,226.89,4033000,0,0,-8.20,-3.49%,0.0
2016-03-31,229.34,237.42,225.01,229.77,8012900,0,0,0.43,0.19%,1.0
2016-04-01,244.83,247.9,233.25,237.59,15997500,0,0,-7.24,-2.96%,0.0
2016-04-04,249.12,252.12,243.64,246.99,13475300,0,0,-2.13,-0.86%,0.0
2016-04-05,240.5,256.56,240.0,255.47,9948700,0,0,14.97,6.22%,1.0
2016-04-06,253.97,267.74,253.45,265.42,11705500,0,0,11.45,4.51%,1.0
2016-04-07,266.45,269.34,254.51,257.2,8856200,0,0,-9.25,-3.47%,0.0
2016-04-08,260.5,260.82,248.02,250.07,7363900,0,0,-10.43,-4.00%,0.0
2016-04-11,251.0,258.99,245.3,249.92,9161700,0,0,-1.08,-0.43%,0.0
2016-04-12,249.5,251.8,243.63,247.82,5763200,0,0,-1.68,-0.67%,0.0
2016-04-13,248.51,255.5,247.33,254.53,4925600,0,0,6.02,2.42%,1.0
2016-04-14,253.0,256.84,251.05,251.86,4132200,0,0,-1.14,-0.45%,0.0
2016-04-15,251.31,254.6,249.12,254.51,3752400,0,0,3.20,1.27%,1.0
2016-04-18,252.23,258.31,251.66,253.88,4271400,0,0,1.65,0.65%,1.0
2016-04-19,253.12,254.37,241.25,247.37,6357500,0,0,-5.75,-2.27%,0.0
2016-04-20,246.26,253.66,241.5,249.97,5194100,0,0,3.71,1.51%,1.0
2016-04-21,248.99,250.9,246.91,248.29,2783100,0,0,-0.70,-0.28%,0.0
2016-04-22,248.89,254.0,245.71,253.75,3786300,0,0,4.86,1.95%,1.0
2016-04-25,253.01,257.38,250.76,251.82,3670300,0,0,-1.19,-0.47%,0.0
2016-04-26,252.05,255.73,249.39,253.74,3223800,0,0,1.69,0.67%,1.0
2016-04-27,252.75,255.0,249.4,251.47,3205800,0,0,-1.28,-0.51%,0.0
2016-04-28,249.85,253.43,247.44,247.71,2519000,0,0,-2.14,-0.86%,0.0
2016-04-29,248.14,248.43,237.81,240.76,5413800,0,0,-7.38,-2.97%,0.0
2016-05-02,241.5,243.19,234.82,241.8,3843900,0,0,0.30,0.12%,1.0
2016-05-03,237.36,238.91,231.62,232.32,4302200,0,0,-5.04,-2.12%,0.0
2016-05-04,230.29,234.46,220.4,222.56,8700500,0,0,-7.73,-3.36%,0.0
2016-05-05,228.46,228.64,209.79,211.53,11254800,0,0,-16.93,-7.41%,0.0
2016-05-06,210.87,216.37,208.11,214.93,5685200,0,0,4.06,1.93%,1.0
2016-05-09,215.72,216.15,206.8,208.92,4776400,0,0,-6.80,-3.15%,0.0
2016-05-10,207.55,209.47,205.0,208.69,4070600,0,0,1.14,0.55%,1.0
2016-05-11,207.59,215.48,206.05,208.96,5161900,0,0,1.37,0.66%,1.0
2016-05-12,211.44,211.67,203.66,207.28,3650500,0,0,-4.16,-1.97%,0.0
2016-05-13,207.78,211.2,206.7,207.61,2822800,0,0,-0.17,-0.08%,0.0
2016-05-16,208.15,213.15,207.92,208.29,2949400,0,0,0.14,0.07%,1.0
2016-05-17,209.05,209.82,204.02,204.66,2843600,0,0,-4.39,-2.10%,0.0
2016-05-18,209.15,215.31,207.75,211.17,5617500,0,0,2.02,0.97%,1.0
2016-05-19,213.62,216.79,207.3,215.21,6866300,0,0,1.59,0.74%,1.0
2016-05-20,216.99,220.55,216.35,220.28,9007100,0,0,3.29,1.52%,1.0
2016-05-23,219.87,222.6,215.86,216.22,5102500,0,0,-3.65,-1.66%,0.0
2016-05-24,216.6,218.74,215.18,217.91,3013800,0,0,1.31,0.60%,1.0
2016-05-25,217.91,221.36,216.51,219.58,3126800,0,0,1.67,0.77%,1.0
2016-05-26,220.5,225.26,219.05,225.12,4072400,0,0,4.62,2.10%,1.0
2016-05-27,224.99,225.93,220.75,223.04,3650300,0,0,-1.95,-0.87%,0.0
2016-05-31,223.04,224.75,221.5,223.23,2789000,0,0,0.19,0.09%,1.0
2016-06-01,221.48,222.4,216.89,219.56,2982700,0,0,-1.92,-0.87%,0.0
2016-06-02,219.59,219.91,217.11,218.96,2032800,0,0,-0.63,-0.29%,0.0
2016-06-03,220.0,221.94,218.01,218.99,2229000,0,0,-1.01,-0.46%,0.0
2016-06-06,218.0,220.9,215.45,220.68,2249500,0,0,2.68,1.23%,1.0
2016-06-07,222.24,234.44,221.52,232.34,6213600,0,0,10.10,4.54%,1.0
2016-06-08,233.8,240.85,232.61,235.52,5972000,0,0,1.72,0.74%,1.0
2016-06-09,234.98,235.33,227.06,229.36,4492100,0,0,-5.62,-2.39%,0.0
2016-06-10,227.39,227.97,218.42,218.79,6026600,0,0,-8.60,-3.78%,0.0
2016-06-13,219.5,225.77,217.66,217.87,4193000,0,0,-1.63,-0.74%,0.0
2016-06-14,218.88,222.2,212.53,214.96,3580200,0,0,-3.92,-1.79%,0.0
2016-06-15,216.95,221.9,215.13,217.7,2908500,0,0,0.75,0.35%,1.0
2016-06-16,217.42,218.04,213.5,217.93,2440300,0,0,0.51,0.23%,1.0
2016-06-17,217.81,219.99,214.5,215.47,3112600,0,0,-2.34,-1.07%,0.0
2016-06-20,219.5,223.75,218.23,219.7,3555500,0,0,0.20,0.09%,1.0
2016-06-21,220.68,222.57,218.81,219.61,4529000,0,0,-1.07,-0.48%,0.0
2016-06-22,199.47,205.95,195.75,196.66,23742400,0,0,-2.81,-1.41%,0.0
2016-06-23,195.69,197.55,192.13,196.4,10130700,0,0,0.71,0.36%,1.0
2016-06-24,190.05,195.12,189.73,193.15,7026500,0,0,3.10,1.63%,1.0
2016-06-27,190.86,198.81,187.87,198.55,7205400,0,0,7.69,4.03%,1.0
2016-06-28,201.89,204.05,199.41,201.79,6212400,0,0,-0.10,-0.05%,0.0
2016-06-29,205.13,211.78,203.0,210.19,5994900,0,0,5.06,2.47%,1.0
2016-06-30,212.97,213.5,209.02,212.28,4843100,0,0,-0.69,-0.32%,0.0
2016-07-01,206.14,218.24,206.0,216.5,5400000,0,0,10.36,5.03%,1.0
2016-07-05,209.73,214.54,208.0,213.98,5175300,0,0,4.25,2.03%,1.0
2016-07-06,210.0,215.23,209.0,214.44,4919900,0,0,4.44,2.11%,1.0
2016-07-07,213.1,218.12,213.01,215.94,3612000,0,0,2.84,1.33%,1.0
2016-07-08,217.8,219.81,214.5,216.78,4074800,0,0,-1.02,-0.47%,0.0
2016-07-11,219.96,226.78,219.51,224.78,5429800,0,0,4.82,2.19%,1.0
2016-07-12,224.1,227.5,223.22,224.65,4571300,0,0,0.55,0.25%,1.0
2016-07-13,225.5,225.59,220.29,222.53,3567100,0,0,-2.97,-1.32%,0.0
2016-07-14,223.12,224.94,221.05,221.53,2675800,0,0,-1.59,-0.71%,0.0
2016-07-15,222.52,222.75,219.64,220.4,2234200,0,0,-2.12,-0.95%,0.0
2016-07-18,219.64,227.09,218.3,226.25,3412100,0,0,6.61,3.01%,1.0
2016-07-19,225.0,229.1,224.75,225.26,3115100,0,0,0.26,0.12%,1.0
2016-07-20,226.47,229.8,225.0,228.36,2568500,0,0,1.89,0.83%,1.0
2016-07-21,226.0,227.85,219.1,220.5,4428700,0,0,-5.50,-2.43%,0.0
2016-07-22,221.99,224.5,218.88,222.27,2579700,0,0,0.28,0.13%,1.0
2016-07-25,222.27,231.39,221.37,230.01,4490700,0,0,7.74,3.48%,1.0
2016-07-26,227.69,230.0,225.3,229.51,3430000,0,0,1.82,0.80%,1.0
2016-07-27,229.34,233.36,226.92,228.49,2889000,0,0,-0.85,-0.37%,0.0
2016-07-28,227.95,230.76,226.6,230.61,2419100,0,0,2.66,1.17%,1.0
2016-07-29,230.7,235.28,230.24,234.79,3070800,0,0,4.09,1.77%,1.0
2016-08-01,235.5,236.63,229.38,230.01,4016300,0,0,-5.49,-2.33%,0.0
2016-08-02,229.37,229.87,221.4,227.2,3934400,0,0,-2.17,-0.95%,0.0
2016-08-03,227.37,229.7,224.21,225.79,3887800,0,0,-1.58,-0.69%,0.0
2016-08-04,225.69,230.86,222.05,230.61,4147000,0,0,4.92,2.18%,1.0
2016-08-05,230.0,232.0,227.4,230.03,3205200,0,0,0.03,0.01%,1.0
2016-08-08,228.0,229.6,226.09,226.16,2263600,0,0,-1.84,-0.81%,0.0
2016-08-09,226.82,231.54,226.65,229.08,2207800,0,0,2.26,1.00%,1.0
2016-08-10,228.24,229.87,224.62,225.65,2338300,0,0,-2.59,-1.13%,0.0
2016-08-11,226.17,227.57,223.41,224.91,1880900,0,0,-1.26,-0.56%,0.0
2016-08-12,225.41,226.65,224.04,225.61,1813500,0,0,0.20,0.09%,1.0
2016-08-15,226.02,229.5,224.93,225.59,2034300,0,0,-0.43,-0.19%,0.0
2016-08-16,225.49,227.19,223.41,223.61,2267100,0,0,-1.88,-0.83%,0.0
2016-08-17,224.33,224.83,222.8,223.24,1787100,0,0,-1.09,-0.49%,0.0
2016-08-18,223.82,225.66,222.29,223.51,1714500,0,0,-0.31,-0.14%,0.0
2016-08-19,223.54,225.17,222.53,225.0,1659500,0,0,1.46,0.65%,1.0
2016-08-22,224.17,225.11,222.68,222.93,2065500,0,0,-1.24,-0.55%,0.0
2016-08-23,224.32,228.49,222.8,224.84,4784400,0,0,0.52,0.23%,1.0
2016-08-24,227.05,227.15,222.22,222.62,2570700,0,0,-4.43,-1.95%,0.0
2016-08-25,223.11,223.8,220.77,220.96,1762500,0,0,-2.15,-0.96%,0.0
2016-08-26,222.14,222.86,218.82,219.99,2239000,0,0,-2.15,-0.97%,0.0
2016-08-29,220.15,220.4,215.0,215.2,3266300,0,0,-4.95,-2.25%,0.0
2016-08-30,216.11,216.11,210.52,211.34,3168900,0,0,-4.77,-2.21%,0.0
2016-08-31,210.43,212.6,208.65,212.01,3276500,0,0,1.58,0.75%,1.0
2016-09-01,209.01,211.1,200.5,200.77,7943100,0,0,-8.24,-3.94%,0.0
2016-09-02,202.33,203.2,196.2,197.78,5977400,0,0,-4.55,-2.25%,0.0
2016-09-06,199.02,203.25,199.0,202.83,4390600,0,0,3.81,1.91%,1.0
2016-09-07,205.5,206.5,200.71,201.71,3640900,0,0,-3.79,-1.84%,0.0
2016-09-08,199.55,199.89,196.36,197.36,3377900,0,0,-2.19,-1.10%,0.0
2016-09-09,199.09,199.92,193.7,194.47,3757000,0,0,-4.62,-2.32%,0.0
2016-09-12,195.0,201.37,194.1,198.3,3715200,0,0,3.30,1.69%,1.0
2016-09-13,197.06,198.49,193.45,196.05,3589400,0,0,-1.01,-0.51%,0.0
2016-09-14,195.75,197.92,194.86,196.41,2254500,0,0,0.66,0.34%,1.0
2016-09-15,196.49,202.52,196.4,200.42,3077200,0,0,3.93,2.00%,1.0
2016-09-16,200.42,205.7,199.0,205.4,3107800,0,0,4.98,2.48%,1.0
2016-09-19,207.0,209.43,205.0,206.34,2299500,0,0,-0.66,-0.32%,0.0
2016-09-20,206.85,207.75,203.91,204.64,2410500,0,0,-2.21,-1.07%,0.0
2016-09-21,206.37,207.0,201.56,205.22,2633500,0,0,-1.15,-0.56%,0.0
2016-09-22,206.4,207.28,203.0,206.43,2382900,0,0,0.03,0.01%,1.0
2016-09-23,205.99,210.18,205.67,207.45,2905200,0,0,1.46,0.71%,1.0
2016-09-26,206.5,211.0,206.5,208.99,2394400,0,0,2.49,1.21%,1.0
2016-09-27,209.65,209.98,204.61,205.81,3373200,0,0,-3.84,-1.83%,0.0
2016-09-28,207.51,208.25,205.26,206.27,2088400,0,0,-1.24,-0.60%,0.0
2016-09-29,205.6,207.33,200.58,200.7,2727000,0,0,-4.90,-2.38%,0.0
2016-09-30,202.21,204.98,199.55,204.03,2586300,0,0,1.82,0.90%,1.0
2016-10-03,212.3,215.67,208.25,213.7,5999900,0,0,1.40,0.66%,1.0
2016-10-04,213.1,213.32,208.82,211.41,3541500,0,0,-1.69,-0.79%,0.0
2016-10-05,212.24,213.15,208.12,208.46,1877500,0,0,-3.78,-1.78%,0.0
2016-10-06,202.46,204.21,200.21,201.0,4703400,0,0,-1.46,-0.72%,0.0
2016-10-07,201.0,201.32,195.8,196.61,3493000,0,0,-4.39,-2.18%,0.0
2016-10-10,201.35,204.14,199.66,200.95,3316300,0,0,-0.40,-0.20%,0.0
2016-10-11,201.85,202.2,198.31,200.1,2328400,0,0,-1.75,-0.87%,0.0
2016-10-12,200.95,203.88,200.42,201.51,1970700,0,0,0.56,0.28%,1.0
2016-10-13,200.5,200.9,197.05,200.24,2494600,0,0,-0.26,-0.13%,0.0
2016-10-14,200.66,201.43,196.3,196.51,4269900,0,0,-4.15,-2.07%,0.0
2016-10-17,197.05,198.39,192.0,193.96,4554100,0,0,-3.09,-1.57%,0.0
2016-10-18,195.99,199.47,193.26,199.1,5680500,0,0,3.11,1.59%,1.0
2016-10-19,199.74,206.66,198.06,203.56,6991200,0,0,3.82,1.91%,1.0
2016-10-20,202.12,203.0,197.05,199.1,5072900,0,0,-3.02,-1.49%,0.0
2016-10-21,198.6,201.57,197.41,200.09,2943400,0,0,1.49,0.75%,1.0
2016-10-24,201.0,203.95,200.25,202.76,2751600,0,0,1.76,0.88%,1.0
2016-10-25,202.9,204.69,201.2,202.34,2445000,0,0,-0.56,-0.28%,0.0
2016-10-26,201.0,203.19,200.1,202.24,5632800,0,0,1.24,0.62%,1.0
2016-10-27,211.34,213.7,201.65,204.01,13093700,0,0,-7.33,-3.47%,0.0
2016-10-28,204.0,205.32,199.83,199.97,4280100,0,0,-4.03,-1.98%,0.0
2016-10-31,202.49,202.49,195.81,197.73,4692300,0,0,-4.76,-2.35%,0.0
2016-11-01,198.04,198.5,188.11,190.79,7060000,0,0,-7.25,-3.66%,0.0
2016-11-02,190.05,192.7,187.51,188.02,4253400,0,0,-2.03,-1.07%,0.0
2016-11-03,189.0,191.47,187.04,187.42,2653000,0,0,-1.58,-0.84%,0.0
2016-11-04,189.0,193.46,185.96,190.56,5146000,0,0,1.56,0.83%,1.0
2016-11-07,193.59,194.29,190.05,193.21,3870100,0,0,-0.38,-0.20%,0.0
2016-11-08,193.79,197.49,191.26,194.94,3267600,0,0,1.15,0.59%,1.0
2016-11-09,186.88,192.0,183.95,190.06,8173100,0,0,3.18,1.70%,1.0
2016-11-10,191.05,191.61,180.42,185.35,6750300,0,0,-5.70,-2.98%,0.0
2016-11-11,184.24,188.88,183.0,188.56,3988500,0,0,4.32,2.34%,1.0
2016-11-14,188.0,188.25,178.19,181.45,6552200,0,0,-6.55,-3.48%,0.0
2016-11-15,182.78,186.43,182.05,183.77,3902000,0,0,0.99,0.54%,1.0
2016-11-16,182.65,184.73,181.21,183.93,3434400,0,0,1.28,0.70%,1.0
2016-11-17,183.49,189.49,182.11,188.66,4887100,0,0,5.17,2.82%,1.0
2016-11-18,190.65,193.0,185.0,185.02,5210300,0,0,-5.63,-2.95%,0.0
2016-11-21,185.04,188.89,184.41,184.52,4361000,0,0,-0.52,-0.28%,0.0
2016-11-22,185.84,191.47,183.71,191.17,5603400,0,0,5.33,2.87%,1.0
2016-11-23,190.61,195.64,189.0,193.14,4891900,0,0,2.53,1.33%,1.0
2016-11-25,193.64,197.24,193.64,196.65,2366100,0,0,3.01,1.55%,1.0
2016-11-28,195.48,199.35,194.55,196.12,4529200,0,0,0.64,0.33%,1.0
2016-11-29,195.56,196.73,189.5,189.57,4439300,0,0,-5.99,-3.06%,0.0
2016-11-30,191.0,191.89,187.5,189.4,3547100,0,0,-1.60,-0.84%,0.0
2016-12-01,188.25,188.53,181.0,181.88,5126400,0,0,-6.37,-3.38%,0.0
2016-12-02,182.88,184.88,180.0,181.47,4042300,0,0,-1.41,-0.77%,0.0
2016-12-05,182.51,188.89,182.51,186.8,4072200,0,0,4.29,2.35%,1.0
2016-12-06,185.52,186.58,182.68,185.85,3391600,0,0,0.33,0.18%,1.0
2016-12-07,186.15,193.4,185.0,193.15,5461900,0,0,7.00,3.76%,1.0
2016-12-08,192.05,192.5,189.54,192.29,3194100,0,0,0.24,0.12%,1.0
2016-12-09,190.87,193.84,190.81,192.18,2722500,0,0,1.31,0.69%,1.0
2016-12-12,192.8,194.42,191.18,192.43,2438900,0,0,-0.37,-0.19%,0.0
2016-12-13,193.18,201.28,193.0,198.15,6823900,0,0,4.97,2.57%,1.0
2016-12-14,198.74,203.0,196.76,198.69,4150900,0,0,-0.05,-0.03%,0.0
2016-12-15,198.41,200.74,197.39,197.58,3219600,0,0,-0.83,-0.42%,0.0
2016-12-16,198.08,202.59,197.6,202.49,3796900,0,0,4.41,2.23%,1.0
2016-12-19,202.49,204.45,199.84,202.73,3488100,0,0,0.24,0.12%,1.0
2016-12-20,203.05,209.0,202.5,208.79,4689100,0,0,5.74,2.83%,1.0
2016-12-21,208.45,212.23,207.41,207.7,5207600,0,0,-0.75,-0.36%,0.0
2016-12-22,208.22,209.99,206.5,208.45,3111100,0,0,0.23,0.11%,1.0
2016-12-23,208.0,213.45,207.71,213.34,4670500,0,0,5.34,2.57%,1.0
2016-12-27,214.88,222.25,214.42,219.53,5915700,0,0,4.65,2.16%,1.0
2016-12-28,221.53,223.8,217.2,219.74,3782500,0,0,-1.79,-0.81%,0.0
2016-12-29,218.56,219.2,214.12,214.68,4045000,0,0,-3.88,-1.78%,0.0
2016-12-30,216.3,217.5,211.68,213.69,4642600,0,0,-2.61,-1.21%,0.0
2017-01-03,214.86,220.33,210.96,216.99,5923300,0,0,2.13,0.99%,1.0
2017-01-04,214.75,228.0,214.31,226.99,11213500,0,0,12.24,5.70%,1.0
2017-01-05,226.42,227.48,221.95,226.75,5911700,0,0,0.33,0.15%,1.0
2017-01-06,226.93,230.31,225.45,229.01,5527900,0,0,2.08,0.92%,1.0
2017-01-09,228.97,231.92,228.0,231.28,3979500,0,0,2.31,1.01%,1.0
2017-01-10,232.0,232.0,226.89,229.87,3660000,0,0,-2.13,-0.92%,0.0
2017-01-11,229.07,229.98,226.68,229.73,3650800,0,0,0.66,0.29%,1.0
2017-01-12,229.06,230.7,225.58,229.59,3790200,0,0,0.53,0.23%,1.0
2017-01-13,230.0,237.85,229.59,237.75,6093000,0,0,7.75,3.37%,1.0
2017-01-17,236.7,239.96,234.37,235.58,4617500,0,0,-1.12,-0.47%,0.0
2017-01-18,236.65,239.71,235.58,238.36,3769000,0,0,1.71,0.72%,1.0
2017-01-19,247.25,248.68,240.75,243.76,7732300,0,0,-3.49,-1.41%,0.0
2017-01-20,245.46,246.0,243.01,244.73,4204300,0,0,-0.73,-0.30%,0.0
2017-01-23,245.85,250.89,245.5,248.92,6262900,0,0,3.07,1.25%,1.0
2017-01-24,250.0,254.8,249.65,254.61,4965500,0,0,4.61,1.84%,1.0
2017-01-25,257.31,258.46,251.8,254.47,5142600,0,0,-2.84,-1.10%,0.0
2017-01-26,254.29,255.74,250.75,252.51,3152100,0,0,-1.78,-0.70%,0.0
2017-01-27,251.38,253.0,248.52,252.95,3166300,0,0,1.57,0.62%,1.0
2017-01-30,252.53,255.29,247.1,250.63,3801100,0,0,-1.90,-0.75%,0.0
2017-01-31,249.24,255.89,247.7,251.93,4116100,0,0,2.69,1.08%,1.0
2017-02-01,253.05,253.2,249.05,249.24,3958800,0,0,-3.81,-1.51%,0.0
2017-02-02,248.34,252.42,247.71,251.55,2499800,0,0,3.21,1.29%,1.0
2017-02-03,251.91,252.18,249.68,251.33,2186700,0,0,-0.58,-0.23%,0.0
2017-02-06,251.0,257.82,250.63,257.77,3562500,0,0,6.77,2.70%,1.0
2017-02-07,258.19,260.0,256.42,257.48,4244800,0,0,-0.71,-0.27%,0.0
2017-02-08,257.35,263.36,256.2,262.08,3933000,0,0,4.73,1.84%,1.0
2017-02-09,266.25,271.18,266.15,269.2,7820200,0,0,2.95,1.11%,1.0
2017-02-10,269.79,270.95,266.11,269.23,3619700,0,0,-0.56,-0.21%,0.0
2017-02-13,270.74,280.79,270.51,280.6,7029600,0,0,9.86,3.64%,1.0
2017-02-14,279.03,287.39,278.61,280.98,7345200,0,0,1.95,0.70%,1.0
2017-02-15,280.0,282.24,276.44,279.76,4947900,0,0,-0.24,-0.09%,0.0
2017-02-16,277.6,280.0,268.5,268.95,7077300,0,0,-8.65,-3.12%,0.0
2017-02-17,265.8,272.89,264.15,272.23,6257100,0,0,6.43,2.42%,1.0
2017-02-21,275.45,281.4,274.01,277.39,5676700,0,0,1.94,0.70%,1.0
2017-02-22,280.31,283.45,272.6,273.51,8755000,0,0,-6.80,-2.43%,0.0
2017-02-23,264.0,264.66,255.56,255.99,14915200,0,0,-8.01,-3.03%,0.0
2017-02-24,252.66,258.25,250.2,257.0,8171600,0,0,4.34,1.72%,1.0
2017-02-27,248.17,248.36,242.01,246.23,11460800,0,0,-1.94,-0.78%,0.0
2017-02-28,244.19,251.0,243.9,249.99,6078100,0,0,5.80,2.38%,1.0
2017-03-01,254.18,254.85,249.11,250.02,4809500,0,0,-4.16,-1.64%,0.0
2017-03-02,249.71,253.28,248.27,250.48,3351800,0,0,0.77,0.31%,1.0
2017-03-03,250.74,251.9,249.0,251.57,2919400,0,0,0.83,0.33%,1.0
2017-03-06,247.91,251.7,247.51,251.21,3355500,0,0,3.30,1.33%,1.0
2017-03-07,251.92,253.89,248.32,248.59,3459500,0,0,-3.33,-1.32%,0.0
2017-03-08,247.0,250.07,245.32,246.87,3725200,0,0,-0.13,-0.05%,0.0
2017-03-09,247.63,248.66,243.0,244.9,3879300,0,0,-2.73,-1.10%,0.0
2017-03-10,246.21,246.5,243.0,243.69,3066300,0,0,-2.52,-1.02%,0.0
2017-03-13,244.82,246.85,242.78,246.17,3022600,0,0,1.35,0.55%,1.0
2017-03-14,246.11,258.12,246.02,258.0,7598400,0,0,11.89,4.83%,1.0
2017-03-15,257.0,261.0,254.27,255.73,5330800,0,0,-1.27,-0.49%,0.0
2017-03-16,262.4,265.75,259.06,262.05,7132200,0,0,-0.35,-0.13%,0.0
2017-03-17,264.0,265.33,261.2,261.5,6497500,0,0,-2.50,-0.95%,0.0
2017-03-20,260.6,264.55,258.82,261.92,3614300,0,0,1.32,0.51%,1.0
2017-03-21,262.83,264.8,250.24,250.68,6908600,0,0,-12.15,-4.62%,0.0
2017-03-22,251.56,255.07,250.51,255.01,4059300,0,0,3.45,1.37%,1.0
2017-03-23,255.39,257.67,253.3,254.78,3320200,0,0,-0.61,-0.24%,0.0
2017-03-24,255.7,263.89,255.01,263.16,5647300,0,0,7.46,2.92%,1.0
2017-03-27,260.6,270.57,259.75,270.22,6230800,0,0,9.62,3.69%,1.0
2017-03-28,277.02,280.68,275.0,277.45,7987600,0,0,0.43,0.16%,1.0
2017-03-29,278.34,279.6,275.54,277.38,3676200,0,0,-0.96,-0.34%,0.0
2017-03-30,278.04,282.0,277.21,277.92,4148400,0,0,-0.12,-0.04%,0.0
2017-03-31,278.73,279.68,276.32,278.3,3294600,0,0,-0.43,-0.15%,0.0
2017-04-03,286.9,299.0,284.58,298.52,13888600,0,0,11.62,4.05%,1.0
2017-04-04,296.89,304.81,294.53,303.7,10134600,0,0,6.81,2.29%,1.0
2017-04-05,302.04,304.88,294.2,295.0,7880900,0,0,-7.04,-2.33%,0.0
2017-04-06,296.88,301.94,294.1,298.7,5520600,0,0,1.82,0.61%,1.0
2017-04-07,297.5,302.69,297.15,302.54,4579600,0,0,5.04,1.69%,1.0
2017-04-10,309.15,313.73,308.71,312.39,7664500,0,0,3.24,1.05%,1.0
2017-04-11,313.38,313.47,305.5,308.71,5724600,0,0,-4.67,-1.49%,0.0
2017-04-12,306.34,308.45,296.32,296.84,6050700,0,0,-9.50,-3.10%,0.0
2017-04-13,296.7,307.39,295.3,304.0,9284600,0,0,7.30,2.46%,1.0
2017-04-17,302.7,304.0,298.68,301.44,4138700,0,0,-1.26,-0.42%,0.0
2017-04-18,299.7,300.84,297.9,300.25,3035700,0,0,0.55,0.18%,1.0
2017-04-19,302.46,306.62,302.11,305.52,3898000,0,0,3.06,1.01%,1.0
2017-04-20,306.51,309.15,300.23,302.51,6149400,0,0,-4.00,-1.31%,0.0
2017-04-21,302.0,306.4,300.42,305.6,4509800,0,0,3.60,1.19%,1.0
2017-04-24,309.22,310.55,306.02,308.03,5083500,0,0,-1.19,-0.38%,0.0
2017-04-25,308.0,313.98,305.86,313.79,6737700,0,0,5.79,1.88%,1.0
2017-04-26,312.37,314.5,309.0,310.17,4695000,0,0,-2.20,-0.70%,0.0
2017-04-27,311.69,313.09,307.5,308.63,3468600,0,0,-3.06,-0.98%,0.0
2017-04-28,309.83,314.8,308.0,314.07,4505500,0,0,4.24,1.37%,1.0
2017-05-01,314.88,327.25,314.81,322.83,8829600,0,0,7.95,2.52%,1.0
2017-05-02,324.0,327.66,316.56,318.89,5382800,0,0,-5.11,-1.58%,0.0
2017-05-03,317.67,321.53,310.45,311.02,7133400,0,0,-6.65,-2.09%,0.0
2017-05-04,307.44,307.77,290.76,295.46,14152000,0,0,-11.98,-3.90%,0.0
2017-05-05,298.0,308.55,296.8,308.35,8177300,0,0,10.35,3.47%,1.0
2017-05-08,310.9,313.79,305.82,307.19,7006500,0,0,-3.71,-1.19%,0.0
2017-05-09,309.38,321.99,309.1,321.26,9676500,0,0,11.88,3.84%,1.0
2017-05-10,321.56,325.5,318.12,325.22,5741600,0,0,3.66,1.14%,1.0
2017-05-11,323.4,326.0,319.6,323.1,4753800,0,0,-0.30,-0.09%,0.0
2017-05-12,325.48,327.0,321.53,324.81,4121600,0,0,-0.67,-0.21%,0.0
2017-05-15,318.38,320.2,312.53,315.88,7622000,0,0,-2.50,-0.79%,0.0
2017-05-16,317.59,320.06,315.14,317.01,4152500,0,0,-0.58,-0.18%,0.0
2017-05-17,314.39,314.63,305.5,306.11,6711900,0,0,-8.28,-2.63%,0.0
2017-05-18,307.0,313.94,305.31,313.06,5653800,0,0,6.06,1.97%,1.0
2017-05-19,315.5,316.5,310.2,310.83,4687600,0,0,-4.67,-1.48%,0.0
2017-05-22,312.8,314.37,306.8,310.35,4329200,0,0,-2.45,-0.78%,0.0
2017-05-23,310.46,310.73,303.48,303.86,4318400,0,0,-6.60,-2.13%,0.0
2017-05-24,306.51,311.0,305.4,310.22,5033300,0,0,3.71,1.21%,1.0
2017-05-25,311.02,316.97,307.81,316.83,5014000,0,0,5.81,1.87%,1.0
2017-05-26,317.28,325.49,316.31,325.14,7802200,0,0,7.86,2.48%,1.0
2017-05-30,326.0,336.28,325.76,335.1,7782900,0,0,9.10,2.79%,1.0
2017-05-31,337.69,342.89,335.16,341.01,9963400,0,0,3.32,0.98%,1.0
2017-06-01,344.0,344.88,337.29,340.37,7608000,0,0,-3.63,-1.06%,0.0
2017-06-02,339.77,342.88,335.93,339.85,5590200,0,0,0.08,0.02%,1.0
2017-06-05,338.5,348.44,334.21,347.32,6784400,0,0,8.82,2.61%,1.0
2017-06-06,344.7,359.49,339.97,352.85,11086800,0,0,8.15,2.36%,1.0
2017-06-07,356.34,360.5,355.14,359.65,9398000,0,0,3.31,0.93%,1.0
2017-06-08,363.75,371.9,360.22,370.0,9061500,0,0,6.25,1.72%,1.0
2017-06-09,374.42,376.87,354.8,357.32,17261400,0,0,-17.10,-4.57%,0.0
2017-06-12,357.99,364.5,350.62,359.01,10517700,0,0,1.02,0.28%,1.0
2017-06-13,367.62,376.0,366.61,375.95,11807900,0,0,8.33,2.27%,1.0
2017-06-14,381.09,384.25,376.31,380.66,12818400,0,0,-0.43,-0.11%,0.0
2017-06-15,372.5,375.46,366.49,375.34,10426500,0,0,2.84,0.76%,1.0
2017-06-16,377.98,378.01,370.1,371.4,6731000,0,0,-6.58,-1.74%,0.0
2017-06-19,375.0,376.7,367.8,369.8,6549300,0,0,-5.20,-1.39%,0.0
2017-06-20,376.67,378.88,369.73,372.24,7438700,0,0,-4.43,-1.18%,0.0
2017-06-21,374.35,376.99,368.02,376.4,4923200,0,0,2.05,0.55%,1.0
2017-06-22,377.99,385.0,373.57,382.61,7529800,0,0,4.62,1.22%,1.0
2017-06-23,382.45,386.99,379.35,383.45,6445800,0,0,1.00,0.26%,1.0
2017-06-26,386.69,386.95,373.1,377.49,6604100,0,0,-9.20,-2.38%,0.0
2017-06-27,376.4,376.4,362.02,362.37,6996400,0,0,-14.03,-3.73%,0.0
2017-06-28,366.68,371.74,362.52,371.24,6302500,0,0,4.56,1.24%,1.0
2017-06-29,370.61,371.0,354.1,360.75,8221000,0,0,-9.86,-2.66%,0.0
2017-06-30,363.71,366.77,359.62,361.61,5848500,0,0,-2.10,-0.58%,0.0
2017-07-03,370.24,371.35,351.5,352.62,6305400,0,0,-17.62,-4.76%,0.0
2017-07-05,347.2,347.24,326.33,327.09,17046700,0,0,-20.11,-5.79%,0.0
2017-07-06,317.26,320.79,306.3,308.83,19324500,0,0,-8.43,-2.66%,0.0
2017-07-07,313.5,317.0,307.38,313.22,14176900,0,0,-0.28,-0.09%,0.0
2017-07-10,312.9,317.94,303.13,316.05,13820900,0,0,3.15,1.01%,1.0
2017-07-11,316.0,327.28,314.3,327.22,11559400,0,0,11.22,3.55%,1.0
2017-07-12,330.4,333.1,324.5,329.52,10346100,0,0,-0.88,-0.27%,0.0
2017-07-13,330.11,331.6,319.97,323.41,8594500,0,0,-6.70,-2.03%,0.0
2017-07-14,323.19,328.42,321.22,327.78,5625200,0,0,4.59,1.42%,1.0
2017-07-17,325.54,327.1,313.45,319.57,9876900,0,0,-5.97,-1.83%,0.0
2017-07-18,317.5,329.13,315.66,328.24,6373700,0,0,10.74,3.38%,1.0
2017-07-19,328.23,331.65,323.22,325.26,6357000,0,0,-2.97,-0.90%,0.0
2017-07-20,326.9,330.22,324.2,329.92,5166200,0,0,3.02,0.92%,1.0
2017-07-21,329.46,331.26,325.8,328.4,4901600,0,0,-1.06,-0.32%,0.0
2017-07-24,330.24,343.4,330.01,342.52,8637100,0,0,12.28,3.72%,1.0
2017-07-25,345.0,345.6,334.15,339.6,6989200,0,0,-5.40,-1.57%,0.0
2017-07-26,340.36,345.5,338.12,343.85,4820800,0,0,3.49,1.03%,1.0
2017-07-27,346.0,347.5,326.29,334.46,8302400,0,0,-11.54,-3.34%,0.0
2017-07-28,336.89,339.6,332.51,335.07,4880400,0,0,-1.82,-0.54%,0.0
2017-07-31,335.5,341.49,321.04,323.47,8535100,0,0,-12.03,-3.59%,0.0
2017-08-01,323.0,324.45,316.13,319.57,8303100,0,0,-3.43,-1.06%,0.0
2017-08-02,318.94,327.12,311.22,325.89,13091500,0,0,6.95,2.18%,1.0
2017-08-03,345.33,350.0,343.15,347.09,13535000,0,0,1.76,0.51%,1.0
2017-08-04,347.0,357.27,343.3,356.91,9268900,0,0,9.91,2.86%,1.0
2017-08-07,357.35,359.48,352.75,355.17,6324500,0,0,-2.18,-0.61%,0.0
2017-08-08,357.53,368.58,357.4,365.22,7449800,0,0,7.69,2.15%,1.0
2017-08-09,361.0,370.0,358.95,363.53,6892100,0,0,2.53,0.70%,1.0
2017-08-10,361.6,366.65,354.66,355.4,7092900,0,0,-6.20,-1.71%,0.0
2017-08-11,356.97,361.26,353.62,357.87,4365800,0,0,0.90,0.25%,1.0
2017-08-14,364.63,367.66,362.6,363.8,4519200,0,0,-0.83,-0.23%,0.0
2017-08-15,365.2,365.49,359.37,362.33,3085100,0,0,-2.87,-0.79%,0.0
2017-08-16,363.0,366.5,362.52,362.91,3413800,0,0,-0.09,-0.02%,0.0
2017-08-17,361.21,363.3,351.59,351.92,5027700,0,0,-9.29,-2.57%,0.0
2017-08-18,352.91,354.0,345.8,347.46,5408200,0,0,-5.45,-1.54%,0.0
2017-08-21,345.82,345.82,331.85,337.86,6495400,0,0,-7.96,-2.30%,0.0
2017-08-22,341.13,342.24,337.37,341.35,4322000,0,0,0.22,0.06%,1.0
2017-08-23,338.99,353.49,338.3,352.77,4954500,0,0,13.78,4.07%,1.0
2017-08-24,352.52,356.66,349.74,352.93,4584700,0,0,0.41,0.12%,1.0
2017-08-25,354.24,355.69,347.3,348.05,3484000,0,0,-6.19,-1.75%,0.0
2017-08-28,347.28,347.35,339.72,345.66,3764000,0,0,-1.62,-0.47%,0.0
2017-08-29,339.48,349.05,338.75,347.36,4073700,0,0,7.88,2.32%,1.0
2017-08-30,349.67,353.47,347.0,353.18,3412900,0,0,3.51,1.00%,1.0
2017-08-31,353.55,358.44,352.82,355.9,4072800,0,0,2.35,0.66%,1.0
2017-09-01,356.12,357.59,353.69,355.4,3049500,0,0,-0.72,-0.20%,0.0
2017-09-05,353.8,355.49,345.89,349.59,3835100,0,0,-4.21,-1.19%,0.0
2017-09-06,349.5,350.98,341.56,344.53,4091400,0,0,-4.97,-1.42%,0.0
2017-09-07,345.98,352.48,343.45,350.61,4239200,0,0,4.63,1.34%,1.0
2017-09-08,348.99,349.78,342.3,343.4,3263500,0,0,-5.59,-1.60%,0.0
2017-09-11,351.35,363.71,350.0,363.69,7667100,0,0,12.34,3.51%,1.0
2017-09-12,364.49,368.76,360.4,362.75,5972900,0,0,-1.74,-0.48%,0.0
2017-09-13,363.82,368.07,359.59,366.23,4185200,0,0,2.41,0.66%,1.0
2017-09-14,364.33,377.96,362.63,377.64,7202500,0,0,13.31,3.65%,1.0
2017-09-15,374.51,380.0,372.7,379.81,5420500,0,0,5.30,1.42%,1.0
2017-09-18,380.25,389.61,377.68,385.0,7188000,0,0,4.75,1.25%,1.0
2017-09-19,380.0,382.39,373.57,375.1,6451900,0,0,-4.90,-1.29%,0.0
2017-09-20,373.0,378.25,371.07,373.91,4919100,0,0,0.91,0.24%,1.0
2017-09-21,374.9,376.83,364.51,366.48,4618200,0,0,-8.42,-2.25%,0.0
2017-09-22,366.49,369.9,350.88,351.09,8159400,0,0,-15.40,-4.20%,0.0
2017-09-25,353.15,357.47,342.88,344.99,7605900,0,0,-8.16,-2.31%,0.0
2017-09-26,350.93,351.24,340.9,345.25,7156300,0,0,-5.68,-1.62%,0.0
2017-09-27,349.9,351.49,340.5,340.97,6060300,0,0,-8.93,-2.55%,0.0
2017-09-28,339.88,342.75,335.4,339.6,5319600,0,0,-0.28,-0.08%,0.0
2017-09-29,341.86,344.68,338.6,341.1,5107100,0,0,-0.76,-0.22%,0.0
2017-10-02,342.52,343.7,335.51,341.53,5286800,0,0,-0.99,-0.29%,0.0
2017-10-03,335.9,348.55,331.28,348.14,10153600,0,0,12.24,3.64%,1.0
2017-10-04,351.25,358.62,349.6,355.01,8163500,0,0,3.76,1.07%,1.0
2017-10-05,356.0,357.44,351.35,355.33,4171700,0,0,-0.67,-0.19%,0.0
2017-10-06,353.1,360.1,352.25,356.88,4297500,0,0,3.78,1.07%,1.0
2017-10-09,349.65,351.75,342.67,342.94,7493700,0,0,-6.71,-1.92%,0.0
2017-10-10,346.8,355.63,345.53,355.59,6978500,0,0,8.79,2.53%,1.0
2017-10-11,353.89,357.6,351.15,354.6,4500800,0,0,0.71,0.20%,1.0
2017-10-12,352.95,359.78,352.64,355.68,4087000,0,0,2.73,0.77%,1.0
2017-10-13,356.98,358.49,353.68,355.57,3540500,0,0,-1.41,-0.39%,0.0
2017-10-16,353.76,354.48,347.16,350.6,5375500,0,0,-3.16,-0.89%,0.0
2017-10-17,350.91,356.22,350.07,355.75,3293300,0,0,4.84,1.38%,1.0
2017-10-18,355.97,363.0,354.13,359.65,4939100,0,0,3.68,1.03%,1.0
2017-10-19,355.56,357.15,348.2,351.81,5061800,0,0,-3.75,-1.05%,0.0
2017-10-20,352.69,354.55,344.34,345.1,4930400,0,0,-7.59,-2.15%,0.0
2017-10-23,349.88,349.95,336.25,337.02,5747300,0,0,-12.86,-3.68%,0.0
2017-10-24,338.8,342.8,336.16,337.34,4491700,0,0,-1.46,-0.43%,0.0
2017-10-25,336.7,337.5,323.56,325.84,8594100,0,0,-10.86,-3.23%,0.0
2017-10-26,327.78,330.23,323.2,326.17,5023500,0,0,-1.61,-0.49%,0.0
2017-10-27,319.75,324.59,316.66,320.87,6979700,0,0,1.12,0.35%,1.0
2017-10-30,319.18,323.78,317.25,320.08,4254400,0,0,0.90,0.28%,1.0
2017-10-31,320.23,331.95,320.18,331.53,5672300,0,0,11.30,3.53%,1.0
2017-11-01,332.25,332.61,320.26,321.08,8457300,0,0,-11.17,-3.36%,0.0
2017-11-02,300.13,308.69,292.63,299.26,19791400,0,0,-0.87,-0.29%,0.0
2017-11-03,299.5,306.25,295.13,306.09,8894000,0,0,6.59,2.20%,1.0
2017-11-06,307.0,307.5,299.01,302.78,6486000,0,0,-4.22,-1.37%,0.0
2017-11-07,301.02,306.5,300.03,306.05,5294300,0,0,5.03,1.67%,1.0
2017-11-08,305.5,306.89,301.3,304.39,4725300,0,0,-1.11,-0.36%,0.0
2017-11-09,302.5,304.46,296.3,302.99,5447100,0,0,0.49,0.16%,1.0
2017-11-10,302.5,308.36,301.85,302.99,4625400,0,0,0.49,0.16%,1.0
2017-11-13,300.13,316.8,299.11,315.4,7584900,0,0,15.27,5.09%,1.0
2017-11-14,315.0,316.35,306.9,308.7,5676100,0,0,-6.30,-2.00%,0.0
2017-11-15,306.01,312.49,301.5,311.3,5978700,0,0,5.29,1.73%,1.0
2017-11-16,313.99,318.14,311.3,312.5,5822100,0,0,-1.49,-0.47%,0.0
2017-11-17,325.67,326.67,313.15,315.05,13735100,0,0,-10.62,-3.26%,0.0
2017-11-20,313.79,315.5,304.75,308.74,8247700,0,0,-5.05,-1.61%,0.0
2017-11-21,310.86,318.23,308.71,317.81,7261300,0,0,6.95,2.24%,1.0
2017-11-22,316.77,317.42,311.84,312.6,4917600,0,0,-4.17,-1.32%,0.0
2017-11-24,313.79,316.41,311.0,315.55,3244100,0,0,1.76,0.56%,1.0
2017-11-27,313.25,317.34,309.51,316.81,4555900,0,0,3.56,1.14%,1.0
2017-11-28,316.36,320.0,313.92,317.55,4949500,0,0,1.19,0.38%,1.0
2017-11-29,317.3,318.0,301.23,307.54,8767400,0,0,-9.76,-3.08%,0.0
2017-11-30,308.56,310.7,304.54,308.85,4351600,0,0,0.29,0.09%,1.0
2017-12-01,305.44,310.32,305.05,306.53,4292900,0,0,1.09,0.36%,1.0
2017-12-04,306.5,308.27,300.61,305.2,5835100,0,0,-1.30,-0.42%,0.0
2017-12-05,302.0,308.0,301.0,303.7,4646500,0,0,1.70,0.56%,1.0
2017-12-06,300.1,313.39,300.0,313.26,7195300,0,0,13.16,4.39%,1.0
2017-12-07,312.0,318.63,311.05,311.24,4780600,0,0,-0.76,-0.24%,0.0
2017-12-08,314.6,316.98,311.26,315.13,3468500,0,0,0.53,0.17%,1.0
2017-12-11,314.63,329.01,313.75,328.91,7938000,0,0,14.28,4.54%,1.0
2017-12-12,330.45,341.44,330.03,341.03,8733200,0,0,10.58,3.20%,1.0
2017-12-13,340.93,344.22,336.5,339.03,6221500,0,0,-1.90,-0.56%,0.0
2017-12-14,341.01,347.44,336.9,337.89,5799900,0,0,-3.12,-0.91%,0.0
2017-12-15,342.04,343.9,335.76,343.45,6933200,0,0,1.41,0.41%,1.0
2017-12-18,344.9,346.73,337.58,338.87,5476200,0,0,-6.03,-1.75%,0.0
2017-12-19,340.26,341.49,330.3,331.1,6825000,0,0,-9.16,-2.69%,0.0
2017-12-20,332.69,333.1,325.04,328.98,5953800,0,0,-3.71,-1.12%,0.0
2017-12-21,329.59,333.74,327.21,331.66,4385200,0,0,2.07,0.63%,1.0
2017-12-22,329.51,330.92,324.82,325.2,4215800,0,0,-4.31,-1.31%,0.0
2017-12-26,323.83,323.94,316.58,317.29,4378400,0,0,-6.54,-2.02%,0.0
2017-12-27,316.0,317.68,310.75,311.64,4712100,0,0,-4.36,-1.38%,0.0
2017-12-28,311.75,315.82,309.54,315.36,4316300,0,0,3.61,1.16%,1.0
2017-12-29,316.18,316.41,310.0,311.35,3777200,0,0,-4.83,-1.53%,0.0
2018-01-02,312.0,322.11,311.0,320.53,4352200,0,0,8.53,2.73%,1.0
2018-01-03,321.0,325.25,315.55,317.25,4521500,0,0,-3.75,-1.17%,0.0
2018-01-04,312.87,318.55,305.68,314.62,9946300,0,0,1.75,0.56%,1.0
2018-01-05,316.62,317.24,312.0,316.58,4591200,0,0,-0.04,-0.01%,0.0
2018-01-08,316.0,337.02,315.5,336.41,9859400,0,0,20.41,6.46%,1.0
2018-01-09,335.16,338.8,327.4,333.69,7146600,0,0,-1.47,-0.44%,0.0
2018-01-10,332.2,337.0,330.0,334.8,4309900,0,0,2.60,0.78%,1.0
2018-01-11,335.24,344.81,333.26,337.95,6645500,0,0,2.71,0.81%,1.0
2018-01-12,338.63,340.41,333.67,336.22,4825100,0,0,-2.41,-0.71%,0.0
2018-01-16,337.54,345.0,334.8,340.06,6474300,0,0,2.52,0.75%,1.0
2018-01-17,340.47,349.0,339.75,347.16,7103500,0,0,6.69,1.96%,1.0
2018-01-18,345.67,352.3,343.74,344.57,5685800,0,0,-1.10,-0.32%,0.0
2018-01-19,345.0,350.59,342.6,350.02,4888300,0,0,5.02,1.46%,1.0
2018-01-22,349.4,357.83,349.2,351.56,6210400,0,0,2.16,0.62%,1.0
2018-01-23,360.0,360.5,351.0,352.79,5465400,0,0,-7.21,-2.00%,0.0
2018-01-24,354.58,354.75,343.52,345.89,5287500,0,0,-8.69,-2.45%,0.0
2018-01-25,348.27,349.2,336.4,337.64,6740300,0,0,-10.63,-3.05%,0.0
2018-01-26,341.5,344.0,335.71,342.85,4539400,0,0,1.35,0.40%,1.0
2018-01-29,339.85,350.85,338.28,349.53,4747100,0,0,9.68,2.85%,1.0
2018-01-30,345.14,348.27,342.17,345.82,4717700,0,0,0.68,0.20%,1.0
2018-01-31,347.51,356.19,345.19,354.31,6214100,0,0,6.80,1.96%,1.0
2018-02-01,351.0,359.66,348.63,349.25,4197700,0,0,-1.75,-0.50%,0.0
2018-02-02,348.44,351.95,340.51,343.75,3704800,0,0,-4.69,-1.35%,0.0
2018-02-05,337.97,344.47,333.0,333.13,4464100,0,0,-4.84,-1.43%,0.0
2018-02-06,325.21,336.22,323.5,333.97,5088400,0,0,8.76,2.69%,1.0
2018-02-07,338.99,346.0,335.66,345.0,6969200,0,0,6.01,1.77%,1.0
2018-02-08,343.31,348.62,314.6,315.23,10314600,0,0,-28.08,-8.18%,0.0
2018-02-09,319.93,320.98,294.76,310.42,12933700,0,0,-9.51,-2.97%,0.0
2018-02-12,316.13,318.08,306.25,315.73,6227800,0,0,-0.40,-0.13%,0.0
2018-02-13,315.02,324.19,312.51,323.66,4560200,0,0,8.64,2.74%,1.0
2018-02-14,320.84,326.17,318.52,322.31,3950700,0,0,1.47,0.46%,1.0
2018-02-15,324.5,334.12,322.4,334.07,5912900,0,0,9.57,2.95%,1.0
2018-02-16,332.5,343.12,331.64,335.49,5642600,0,0,2.99,0.90%,1.0
2018-02-20,334.47,340.84,331.5,334.77,4009400,0,0,0.30,0.09%,1.0
2018-02-21,336.03,339.69,333.17,333.3,3219600,0,0,-2.73,-0.81%,0.0
2018-02-22,335.53,347.44,334.75,346.17,6969800,0,0,10.64,3.17%,1.0
2018-02-23,347.83,354.99,347.1,352.05,5817400,0,0,4.22,1.21%,1.0
2018-02-26,353.5,359.0,352.36,357.42,4340000,0,0,3.92,1.11%,1.0
2018-02-27,356.25,359.99,350.01,350.99,4797400,0,0,-5.26,-1.48%,0.0
2018-02-28,352.57,355.24,342.22,343.06,6069700,0,0,-9.51,-2.70%,0.0
2018-03-01,345.01,348.67,330.07,330.93,6885600,0,0,-14.08,-4.08%,0.0
2018-03-02,326.98,335.22,322.97,335.12,5092800,0,0,8.14,2.49%,1.0
2018-03-05,332.39,337.75,329.29,333.35,3823800,0,0,0.96,0.29%,1.0
2018-03-06,333.75,336.37,327.03,328.2,4285700,0,0,-5.55,-1.66%,0.0
2018-03-07,325.44,332.5,321.74,332.3,5007300,0,0,6.86,2.11%,1.0
2018-03-08,332.86,333.3,326.27,329.1,3566200,0,0,-3.76,-1.13%,0.0
2018-03-09,324.1,328.49,322.37,327.17,5506800,0,0,3.07,0.95%,1.0
2018-03-12,328.61,347.21,326.5,345.51,8264000,0,0,16.90,5.14%,1.0
2018-03-13,328.61,347.21,326.5,341.84,5965800,0,0,13.23,4.03%,1.0
2018-03-14,336.76,339.81,323.93,326.63,7967400,0,0,-10.13,-3.01%,0.0
2018-03-15,329.38,332.85,321.1,325.6,6564800,0,0,-3.78,-1.15%,0.0
2018-03-16,322.93,327.4,319.07,321.35,6117300,0,0,-1.58,-0.49%,0.0
2018-03-19,316.5,320.75,309.67,313.56,7484300,0,0,-2.94,-0.93%,0.0
2018-03-20,314.87,316.25,308.76,310.55,4764300,0,0,-4.32,-1.37%,0.0
2018-03-21,310.25,322.44,310.19,316.53,5958400,0,0,6.28,2.02%,1.0
2018-03-22,313.89,318.82,308.18,309.1,4939800,0,0,-4.79,-1.53%,0.0
2018-03-23,311.25,311.25,300.45,301.54,6654900,0,0,-9.71,-3.12%,0.0
2018-03-26,307.34,307.59,291.36,304.18,8375200,0,0,-3.16,-1.03%,0.0
2018-03-27,304.0,304.27,277.18,279.18,13872000,0,0,-24.82,-8.16%,0.0
2018-03-28,264.58,268.68,252.1,257.78,21001400,0,0,-6.80,-2.57%,0.0
2018-03-29,256.49,270.96,248.21,266.13,15170700,0,0,9.64,3.76%,1.0
2018-04-02,256.26,260.33,244.59,252.48,16114000,0,0,-3.78,-1.48%,0.0
2018-04-03,269.82,273.35,254.49,267.53,18844400,0,0,-2.29,-0.85%,0.0
2018-04-04,252.78,288.37,252.0,286.94,19896700,0,0,34.16,13.51%,1.0
2018-04-05,289.34,306.26,288.2,305.72,19121100,0,0,16.38,5.66%,1.0
2018-04-06,301.0,309.28,295.5,299.3,13520300,0,0,-1.70,-0.56%,0.0
2018-04-09,300.37,309.5,289.21,289.66,10249800,0,0,-10.71,-3.57%,0.0
2018-04-10,298.97,307.1,293.68,304.7,10989800,0,0,5.73,1.92%,1.0
2018-04-11,300.74,308.98,299.66,300.93,7482900,0,0,0.19,0.06%,1.0
2018-04-12,302.32,303.95,293.68,294.08,7608800,0,0,-8.24,-2.73%,0.0
2018-04-13,303.6,303.95,295.98,300.34,7327200,0,0,-3.26,-1.07%,0.0
2018-04-16,299.0,299.66,289.01,291.21,6338500,0,0,-7.79,-2.61%,0.0
2018-04-17,288.87,292.17,282.51,287.69,7000000,0,0,-1.18,-0.41%,0.0
2018-04-18,291.08,300.24,288.16,293.35,6557700,0,0,2.27,0.78%,1.0
2018-04-19,291.08,301.01,288.55,300.08,6090600,0,0,9.00,3.09%,1.0
2018-04-20,295.17,299.98,289.75,290.24,5627900,0,0,-4.93,-1.67%,0.0
2018-04-23,291.29,291.62,282.33,283.37,4893400,0,0,-7.92,-2.72%,0.0
2018-04-24,285.0,287.09,278.46,283.46,5685300,0,0,-1.54,-0.54%,0.0
2018-04-25,283.5,285.16,277.25,280.69,4013600,0,0,-2.81,-0.99%,0.0
2018-04-26,278.75,285.79,276.5,285.48,4356000,0,0,6.73,2.41%,1.0
2018-04-27,285.37,294.47,283.83,294.08,4364600,0,0,8.71,3.05%,1.0
2018-04-30,293.61,298.73,292.5,293.9,4228200,0,0,0.29,0.10%,1.0
2018-05-01,293.51,300.82,293.22,299.92,4625600,0,0,6.41,2.18%,1.0
2018-05-02,298.57,306.85,297.78,301.15,8970400,0,0,2.58,0.86%,1.0
2018-05-03,278.79,288.04,275.23,284.45,17352100,0,0,5.66,2.03%,1.0
2018-05-04,283.0,296.86,279.52,294.09,8569400,0,0,11.09,3.92%,1.0
2018-05-07,297.5,305.96,295.17,302.77,8678200,0,0,5.27,1.77%,1.0
2018-05-08,300.8,307.75,299.0,301.97,5930000,0,0,1.17,0.39%,1.0
2018-05-09,300.41,307.01,300.05,306.85,5727400,0,0,6.44,2.14%,1.0
2018-05-10,307.5,312.99,304.11,305.02,5651600,0,0,-2.48,-0.81%,0.0
2018-05-11,307.7,308.88,299.08,301.06,4679600,0,0,-6.64,-2.16%,0.0
2018-05-14,303.32,304.94,291.62,291.97,7286800,0,0,-11.35,-3.74%,0.0
2018-05-15,285.01,286.96,280.5,284.18,9519200,0,0,-0.83,-0.29%,0.0
2018-05-16,283.83,288.81,281.56,286.48,5674000,0,0,2.65,0.93%,1.0
2018-05-17,285.9,289.19,283.97,284.54,4420600,0,0,-1.36,-0.48%,0.0
2018-05-18,284.65,284.65,274.0,276.82,7251900,0,0,-7.83,-2.75%,0.0
2018-05-21,281.33,291.49,281.3,284.49,9182600,0,0,3.16,1.12%,1.0
2018-05-22,287.76,288.0,273.42,275.01,8945800,0,0,-12.75,-4.43%,0.0
2018-05-23,277.76,279.91,274.0,279.07,5985100,0,0,1.31,0.47%,1.0
2018-05-24,278.4,281.11,274.89,277.85,4176700,0,0,-0.55,-0.20%,0.0
2018-05-25,277.63,279.64,275.61,278.85,3875100,0,0,1.22,0.44%,1.0
2018-05-29,278.51,286.5,276.15,283.76,5666600,0,0,5.25,1.89%,1.0
2018-05-30,283.29,295.01,281.6,291.72,7489700,0,0,8.43,2.98%,1.0
2018-05-31,287.21,290.37,282.93,284.73,5919700,0,0,-2.48,-0.86%,0.0
2018-06-01,285.86,291.95,283.84,291.82,5424400,0,0,5.96,2.08%,1.0
2018-06-04,294.34,299.0,293.55,296.74,4797800,0,0,2.40,0.82%,1.0
2018-06-05,297.7,297.8,286.74,291.13,5995200,0,0,-6.57,-2.21%,0.0
2018-06-06,300.5,322.17,297.48,319.5,18767300,0,0,19.00,6.32%,1.0
2018-06-07,316.15,330.0,313.58,316.09,14345300,0,0,-0.06,-0.02%,0.0
2018-06-08,319.0,324.48,317.15,317.66,8205200,0,0,-1.34,-0.42%,0.0
2018-06-11,322.51,334.66,322.5,332.1,13183500,0,0,9.59,2.97%,1.0
2018-06-12,344.7,354.97,338.0,342.77,22347400,0,0,-1.93,-0.56%,0.0
2018-06-13,346.71,347.2,339.8,344.78,9469800,0,0,-1.93,-0.56%,0.0
2018-06-14,347.63,358.75,346.6,357.72,10981000,0,0,10.09,2.90%,1.0
2018-06-15,353.84,364.67,351.25,358.17,10848300,0,0,4.33,1.22%,1.0
2018-06-18,355.4,373.73,354.5,370.83,12073200,0,0,15.43,4.34%,1.0
2018-06-19,365.16,370.0,346.25,352.55,12761900,0,0,-12.61,-3.45%,0.0
2018-06-20,358.04,364.38,352.0,362.22,8383700,0,0,4.18,1.17%,1.0
2018-06-21,362.0,366.21,346.27,347.51,7967100,0,0,-14.49,-4.00%,0.0
2018-06-22,351.54,352.25,332.0,333.63,10266100,0,0,-17.91,-5.09%,0.0
2018-06-25,330.12,338.47,327.5,333.01,6931300,0,0,2.89,0.88%,1.0
2018-06-26,336.05,343.55,325.8,342.0,7452500,0,0,5.95,1.77%,1.0
2018-06-27,345.0,350.79,339.5,344.5,8333700,0,0,-0.50,-0.14%,0.0
2018-06-28,348.66,357.02,346.11,349.93,8398000,0,0,1.27,0.36%,1.0
2018-06-29,353.33,353.86,342.41,342.95,6492400,0,0,-10.38,-2.94%,0.0
2018-07-02,360.07,364.78,329.85,335.07,18759800,0,0,-25.00,-6.94%,0.0
2018-07-03,331.75,332.49,309.69,310.86,12282600,0,0,-20.89,-6.30%,0.0
2018-07-05,313.76,314.39,296.22,309.16,17476400,0,0,-4.60,-1.47%,0.0
2018-07-06,304.95,312.07,302.0,308.9,8865500,0,0,3.95,1.30%,1.0
2018-07-09,311.99,318.52,308.0,318.51,7596800,0,0,6.52,2.09%,1.0
2018-07-10,324.56,327.68,319.2,322.47,9471500,0,0,-2.09,-0.64%,0.0
2018-07-11,315.8,321.94,315.07,318.96,4884100,0,0,3.16,1.00%,1.0
2018-07-12,321.43,323.23,312.77,316.71,5721200,0,0,-4.72,-1.47%,0.0
2018-07-13,315.58,319.58,309.25,318.87,5869800,0,0,3.29,1.04%,1.0
2018-07-16,311.71,315.16,306.25,310.1,7818700,0,0,-1.61,-0.52%,0.0
2018-07-17,308.81,324.74,308.5,322.69,6996200,0,0,13.88,4.49%,1.0
2018-07-18,325.0,325.5,316.25,323.85,5624200,0,0,-1.15,-0.35%,0.0
2018-07-19,316.33,323.54,314.01,320.23,5915300,0,0,3.90,1.23%,1.0
2018-07-20,321.23,323.24,311.71,313.58,5162200,0,0,-7.65,-2.38%,0.0
2018-07-23,301.84,305.5,292.86,303.2,10992900,0,0,1.36,0.45%,1.0
2018-07-24,304.42,307.72,292.55,297.43,9590800,0,0,-6.99,-2.30%,0.0
2018-07-25,296.74,309.62,294.5,308.74,7075400,0,0,12.00,4.04%,1.0
2018-07-26,304.85,310.7,303.64,306.65,4630500,0,0,1.80,0.59%,1.0
2018-07-27,307.25,307.69,295.34,297.18,5703300,0,0,-10.07,-3.28%,0.0
2018-07-30,295.9,296.1,286.13,290.17,6814100,0,0,-5.73,-1.94%,0.0
2018-07-31,292.25,298.32,289.07,298.14,5076900,0,0,5.89,2.02%,1.0
2018-08-01,297.99,303.0,293.0,300.84,10129400,0,0,2.85,0.96%,1.0
2018-08-02,328.44,349.99,323.16,349.54,23215000,0,0,21.10,6.42%,1.0
2018-08-03,347.81,355.0,342.53,348.17,13656500,0,0,0.36,0.10%,1.0
2018-08-06,345.46,354.98,341.82,341.99,8564300,0,0,-3.47,-1.00%,0.0
2018-08-07,343.84,387.46,339.15,379.57,30875800,0,0,35.73,10.39%,1.0
2018-08-08,369.09,382.64,367.12,370.34,24571200,0,0,1.25,0.34%,1.0
2018-08-09,365.55,367.01,345.73,352.45,17183800,0,0,-13.10,-3.58%,0.0
2018-08-10,354.0,360.0,346.0,355.49,11552000,0,0,1.49,0.42%,1.0
2018-08-13,361.13,363.19,349.02,356.41,10463900,0,0,-4.72,-1.31%,0.0
2018-08-14,358.45,359.2,347.1,347.64,6986400,0,0,-10.81,-3.02%,0.0
2018-08-15,341.91,344.49,332.14,338.69,9101300,0,0,-3.22,-0.94%,0.0
2018-08-16,339.91,342.28,333.82,335.45,6064000,0,0,-4.46,-1.31%,0.0
2018-08-17,323.5,326.77,303.53,305.5,18958600,0,0,-18.00,-5.56%,0.0
2018-08-20,291.7,308.5,288.2,308.44,17402300,0,0,16.74,5.74%,1.0
2018-08-21,310.61,324.79,309.0,321.9,13172200,0,0,11.29,3.63%,1.0
2018-08-22,320.87,323.88,314.67,321.64,5946000,0,0,0.77,0.24%,1.0
2018-08-23,319.14,327.32,318.1,320.1,5147300,0,0,0.96,0.30%,1.0
2018-08-24,320.7,323.85,319.4,322.82,3602600,0,0,2.12,0.66%,1.0
2018-08-27,318.0,322.44,308.81,319.27,13079300,0,0,1.27,0.40%,1.0
2018-08-28,318.41,318.88,311.19,311.86,7649100,0,0,-6.55,-2.06%,0.0
2018-08-29,310.27,311.85,303.69,305.01,7447400,0,0,-5.26,-1.70%,0.0
2018-08-30,302.26,304.6,297.72,303.15,7216700,0,0,0.89,0.29%,1.0
2018-08-31,302.0,305.31,298.6,301.66,5375100,0,0,-0.34,-0.11%,0.0
2018-09-04,296.94,298.19,288.0,288.95,8350500,0,0,-7.99,-2.69%,0.0
2018-09-05,285.05,286.78,277.18,280.74,7720800,0,0,-4.31,-1.51%,0.0
2018-09-06,284.8,291.17,278.88,280.95,7480800,0,0,-3.85,-1.35%,0.0
2018-09-07,260.1,268.35,252.25,263.24,22491900,0,0,3.14,1.21%,1.0
2018-09-10,273.26,286.03,271.0,285.5,14283500,0,0,12.24,4.48%,1.0
2018-09-11,279.47,282.0,273.55,279.44,9170000,0,0,-0.03,-0.01%,0.0
2018-09-12,281.44,292.5,278.65,290.54,10015400,0,0,9.10,3.23%,1.0
2018-09-13,288.02,295.0,285.18,289.46,6340300,0,0,1.44,0.50%,1.0
2018-09-14,288.76,297.33,286.52,295.2,6765600,0,0,6.44,2.23%,1.0
2018-09-17,290.04,300.87,288.13,294.84,6887600,0,0,4.80,1.65%,1.0
2018-09-18,296.69,302.64,275.5,284.96,16547500,0,0,-11.73,-3.95%,0.0
2018-09-19,280.51,300.0,280.5,299.02,8294900,0,0,18.51,6.60%,1.0
2018-09-20,303.56,305.98,293.33,298.33,7349400,0,0,-5.23,-1.72%,0.0
2018-09-21,297.7,300.58,295.37,299.1,5050500,0,0,1.40,0.47%,1.0
2018-09-24,298.48,303.0,293.58,299.68,4843000,0,0,1.20,0.40%,1.0
2018-09-25,300.0,304.6,296.5,300.99,4481700,0,0,0.99,0.33%,1.0
2018-09-26,301.91,313.89,301.11,309.58,7843200,0,0,7.67,2.54%,1.0
2018-09-27,312.9,314.96,306.91,307.52,8509100,0,0,-5.38,-1.72%,0.0
2018-09-28,270.26,278.0,260.56,264.77,33649700,0,0,-5.49,-2.03%,0.0
2018-10-01,305.77,311.44,301.05,310.7,21777600,0,0,4.93,1.61%,1.0
2018-10-02,313.95,316.84,299.15,301.02,11743500,0,0,-12.93,-4.12%,0.0
2018-10-03,303.33,304.6,291.57,294.8,7995000,0,0,-8.53,-2.81%,0.0
2018-10-04,293.95,294.0,277.67,281.83,9814200,0,0,-12.12,-4.12%,0.0
2018-10-05,274.65,274.88,260.0,261.95,17944500,0,0,-12.70,-4.62%,0.0
2018-10-08,264.52,267.76,249.0,250.56,13472700,0,0,-13.96,-5.28%,0.0
2018-10-09,255.25,266.77,253.3,262.8,12060600,0,0,7.55,2.96%,1.0
2018-10-10,264.61,265.51,247.77,256.88,12815300,0,0,-7.73,-2.92%,0.0
2018-10-11,257.53,262.25,249.03,252.23,8167700,0,0,-5.30,-2.06%,0.0
2018-10-12,261.0,261.99,252.01,258.78,7201400,0,0,-2.22,-0.85%,0.0
2018-10-15,259.06,263.28,254.54,259.59,6200000,0,0,0.53,0.20%,1.0
2018-10-16,265.7,277.38,262.24,276.59,9526400,0,0,10.89,4.10%,1.0
2018-10-17,282.4,282.7,265.8,271.78,8655500,0,0,-10.62,-3.76%,0.0
2018-10-18,269.29,271.0,263.0,263.91,5421200,0,0,-5.38,-2.00%,0.0
2018-10-19,267.39,269.66,253.5,260.0,9375500,0,0,-7.39,-2.76%,0.0
2018-10-22,260.68,261.86,252.59,260.95,5600300,0,0,0.27,0.10%,1.0
2018-10-23,263.87,297.93,262.1,294.14,19027800,0,0,30.27,11.47%,1.0
2018-10-24,301.05,304.44,285.73,288.5,20058300,0,0,-12.55,-4.17%,0.0
2018-10-25,317.22,321.0,301.01,314.86,20840700,0,0,-2.36,-0.74%,0.0
2018-10-26,308.25,339.9,306.65,330.9,27425500,0,0,22.65,7.35%,1.0
2018-10-29,337.47,347.16,326.5,334.85,14486000,0,0,-2.62,-0.78%,0.0
2018-10-30,328.39,337.9,322.26,329.9,9126700,0,0,1.51,0.46%,1.0
2018-10-31,332.54,342.0,329.1,337.32,7624300,0,0,4.78,1.44%,1.0
2018-11-01,338.26,347.84,334.73,344.28,8000100,0,0,6.02,1.78%,1.0
2018-11-02,343.74,349.2,340.91,346.41,7808000,0,0,2.67,0.78%,1.0
2018-11-05,340.5,343.96,330.14,341.4,7831000,0,0,0.90,0.26%,1.0
2018-11-06,339.07,348.8,336.09,341.06,6762900,0,0,1.99,0.59%,1.0
2018-11-07,343.34,351.18,340.8,348.16,7374500,0,0,4.82,1.40%,1.0
2018-11-08,348.5,357.58,348.44,351.4,7090700,0,0,2.90,0.83%,1.0
2018-11-09,349.0,354.0,345.23,350.51,5098800,0,0,1.51,0.43%,1.0
2018-11-12,348.37,349.78,330.34,331.28,6941500,0,0,-17.09,-4.91%,0.0
2018-11-13,333.16,344.7,332.2,338.73,5448600,0,0,5.57,1.67%,1.0
2018-11-14,342.7,347.11,337.15,344.0,5040300,0,0,1.30,0.38%,1.0
2018-11-15,342.33,348.58,339.04,348.44,4625700,0,0,6.11,1.78%,1.0
2018-11-16,345.19,355.7,345.12,354.31,7206200,0,0,9.12,2.64%,1.0
2018-11-19,356.34,366.75,352.88,353.47,9708900,0,0,-2.87,-0.81%,0.0
2018-11-20,341.75,349.8,333.55,347.49,8004700,0,0,5.74,1.68%,1.0
2018-11-21,352.0,353.1,337.4,338.19,4686800,0,0,-13.81,-3.92%,0.0
2018-11-23,334.35,337.5,325.55,325.83,4202600,0,0,-8.52,-2.55%,0.0
2018-11-26,325.0,346.22,325.0,346.0,7992100,0,0,21.00,6.46%,1.0
2018-11-27,340.05,346.96,335.5,343.92,6358300,0,0,3.87,1.14%,1.0
2018-11-28,345.99,348.28,342.21,347.87,4127600,0,0,1.88,0.54%,1.0
2018-11-29,347.0,347.5,339.55,341.17,3080700,0,0,-5.83,-1.68%,0.0
2018-11-30,341.83,351.6,338.26,350.48,5629100,0,0,8.65,2.53%,1.0
2018-12-03,360.0,366.0,352.0,358.49,8306500,0,0,-1.51,-0.42%,0.0
2018-12-04,356.05,368.68,352.0,359.7,8461900,0,0,3.65,1.03%,1.0
2018-12-06,356.01,367.38,350.76,363.06,7842500,0,0,7.05,1.98%,1.0
2018-12-07,369.0,379.49,357.65,357.97,11511200,0,0,-11.03,-2.99%,0.0
2018-12-10,360.0,365.98,353.12,365.15,6613500,0,0,5.15,1.43%,1.0
2018-12-11,369.91,372.17,360.23,366.76,6308800,0,0,-3.15,-0.85%,0.0
2018-12-12,369.42,371.91,365.16,366.6,5027000,0,0,-2.82,-0.76%,0.0
2018-12-13,370.15,377.44,366.75,376.79,7365900,0,0,6.64,1.79%,1.0
2018-12-14,375.0,377.87,364.33,365.71,6337600,0,0,-9.29,-2.48%,0.0
2018-12-17,362.0,365.7,343.88,348.42,7674000,0,0,-13.58,-3.75%,0.0
2018-12-18,350.54,351.55,333.69,337.03,7100000,0,0,-13.51,-3.85%,0.0
2018-12-19,337.6,347.01,329.74,332.97,8274200,0,0,-4.63,-1.37%,0.0
2018-12-20,327.05,330.29,311.87,315.38,9071900,0,0,-11.67,-3.57%,0.0
2018-12-21,317.4,323.47,312.44,319.77,8016800,0,0,2.37,0.75%,1.0
2018-12-24,313.5,314.5,295.2,295.39,5559900,0,0,-18.11,-5.78%,0.0
2018-12-26,300.0,326.97,294.09,326.09,8163100,0,0,26.09,8.70%,1.0
2018-12-27,319.84,322.17,301.5,316.13,8575100,0,0,-3.71,-1.16%,0.0
2018-12-28,323.1,336.24,318.41,333.87,9939000,0,0,10.77,3.33%,1.0
2018-12-31,337.79,339.21,325.26,332.8,6302300,0,0,-4.99,-1.48%,0.0
2019-01-02,306.1,315.13,298.8,310.12,11658600,0,0,4.02,1.31%,1.0
2019-01-03,307.0,309.4,297.38,300.36,6965200,0,0,-6.64,-2.16%,0.0
2019-01-04,306.0,318.0,302.73,317.69,7394100,0,0,11.69,3.82%,1.0
2019-01-07,321.72,336.74,317.75,334.96,7551200,0,0,13.24,4.12%,1.0
2019-01-08,341.96,344.01,327.02,335.35,7008500,0,0,-6.61,-1.93%,0.0
2019-01-09,335.5,343.5,331.47,338.53,5432900,0,0,3.03,0.90%,1.0
2019-01-10,334.4,345.39,331.79,344.97,6056400,0,0,10.57,3.16%,1.0
2019-01-11,342.09,348.41,338.77,347.26,5039100,0,0,5.17,1.51%,1.0
2019-01-14,342.38,342.5,334.0,334.4,5247300,0,0,-7.98,-2.33%,0.0
2019-01-15,335.0,348.8,334.5,344.43,6056600,0,0,9.43,2.81%,1.0
2019-01-16,344.78,352.0,343.5,346.05,4691700,0,0,1.27,0.37%,1.0
2019-01-17,346.21,351.5,344.15,347.31,3676700,0,0,1.10,0.32%,1.0
2019-01-18,323.0,327.13,299.73,302.26,24150800,0,0,-20.74,-6.42%,0.0
2019-01-22,304.82,308.0,295.5,298.92,12066700,0,0,-5.90,-1.94%,0.0
2019-01-23,292.5,294.5,281.69,287.59,12530000,0,0,-4.91,-1.68%,0.0
2019-01-24,283.03,293.68,279.28,291.51,8012200,0,0,8.48,3.00%,1.0
2019-01-25,294.39,298.52,289.55,297.04,7249600,0,0,2.65,0.90%,1.0
2019-01-28,292.91,297.46,287.75,296.38,6423300,0,0,3.47,1.18%,1.0
2019-01-29,295.27,298.56,291.8,297.46,4621700,0,0,2.19,0.74%,1.0
2019-01-30,300.45,309.0,298.49,308.77,11250300,0,0,8.32,2.77%,1.0
2019-01-31,301.0,311.56,294.0,307.02,12569200,0,0,6.02,2.00%,1.0
2019-02-01,305.42,316.1,303.5,312.21,7283400,0,0,6.79,2.22%,1.0
2019-02-04,312.98,315.3,301.88,312.89,7352100,0,0,-0.09,-0.03%,0.0
2019-02-05,312.49,322.44,312.25,321.35,6742800,0,0,8.86,2.84%,1.0
2019-02-06,319.59,324.24,315.62,317.22,5038500,0,0,-2.37,-0.74%,0.0
2019-02-07,313.3,314.7,303.0,307.51,6520600,0,0,-5.79,-1.85%,0.0
2019-02-08,306.83,307.45,298.5,305.8,5844200,0,0,-1.03,-0.34%,0.0
2019-02-11,311.6,318.6,310.5,312.84,7129700,0,0,1.24,0.40%,1.0
2019-02-12,316.2,318.19,309.62,311.81,5517600,0,0,-4.39,-1.39%,0.0
2019-02-13,312.35,312.75,305.57,308.17,5141600,0,0,-4.18,-1.34%,0.0
2019-02-14,303.38,306.77,301.0,303.77,5200800,0,0,0.39,0.13%,1.0
2019-02-15,304.5,308.0,303.9,307.88,3904900,0,0,3.38,1.11%,1.0
2019-02-19,306.56,311.54,305.47,305.64,4168400,0,0,-0.92,-0.30%,0.0
2019-02-20,304.41,306.3,299.0,302.56,7142100,0,0,-1.85,-0.61%,0.0
2019-02-21,301.81,303.24,290.5,291.23,8909200,0,0,-10.58,-3.51%,0.0
2019-02-22,294.49,296.5,292.1,294.71,5740600,0,0,0.22,0.07%,1.0
2019-02-25,297.91,302.9,297.0,298.77,6626500,0,0,0.86,0.29%,1.0
2019-02-26,292.22,302.01,288.77,297.86,8582500,0,0,5.64,1.93%,1.0
2019-02-27,301.78,316.3,300.55,314.74,11183900,0,0,12.96,4.29%,1.0
2019-02-28,318.92,320.0,310.81,319.88,10520700,0,0,0.96,0.30%,1.0
2019-03-01,306.94,307.13,291.9,294.79,22911400,0,0,-12.15,-3.96%,0.0
2019-03-04,298.12,299.0,282.78,285.36,17096800,0,0,-12.76,-4.28%,0.0
2019-03-05,282.0,284.0,270.1,276.54,18764700,0,0,-5.46,-1.94%,0.0
2019-03-06,276.48,281.51,274.39,276.24,10335500,0,0,-0.24,-0.09%,0.0
2019-03-07,278.84,284.7,274.25,276.59,9442500,0,0,-2.25,-0.81%,0.0
2019-03-08,276.91,285.59,275.89,284.14,8819600,0,0,7.23,2.61%,1.0
2019-03-11,283.52,291.28,280.5,290.92,7392300,0,0,7.40,2.61%,1.0
2019-03-12,286.49,288.07,281.06,283.36,7504100,0,0,-3.13,-1.09%,0.0
2019-03-13,283.9,291.99,282.7,288.96,6844700,0,0,5.06,1.78%,1.0
2019-03-14,292.45,295.39,288.29,289.96,7103400,0,0,-2.49,-0.85%,0.0
2019-03-15,283.51,283.72,274.4,275.43,14785500,0,0,-8.08,-2.85%,0.0
2019-03-18,276.0,278.05,267.3,269.49,10281000,0,0,-6.51,-2.36%,0.0
2019-03-19,267.5,273.3,263.46,267.47,11800600,0,0,-0.03,-0.01%,0.0
2019-03-20,269.69,274.97,266.3,273.6,6908200,0,0,3.91,1.45%,1.0
2019-03-21,272.6,276.45,268.45,274.02,5947100,0,0,1.42,0.52%,1.0
2019-03-22,272.58,272.8,264.0,264.53,8745600,0,0,-8.05,-2.95%,0.0
2019-03-25,259.71,263.18,254.46,260.42,10215000,0,0,0.71,0.27%,1.0
2019-03-26,264.44,270.26,264.43,267.77,7350900,0,0,3.33,1.26%,1.0
2019-03-27,268.75,275.37,268.18,274.83,8779200,0,0,6.08,2.26%,1.0
2019-03-28,277.16,280.33,275.1,278.62,6774100,0,0,1.46,0.53%,1.0
2019-03-29,278.7,280.16,274.5,279.86,5991300,0,0,1.16,0.42%,1.0
2019-04-01,282.62,289.2,281.28,289.18,8110400,0,0,6.56,2.32%,1.0
2019-04-02,288.3,289.44,283.88,285.88,5478900,0,0,-2.42,-0.84%,0.0
2019-04-03,287.32,296.17,287.17,291.81,7929900,0,0,4.49,1.56%,1.0
2019-04-04,261.89,271.2,260.59,267.78,23720700,0,0,5.89,2.25%,1.0
2019-04-05,269.86,276.1,266.11,274.96,13038300,0,0,5.10,1.89%,1.0
2019-04-08,277.69,281.16,270.44,273.2,10410400,0,0,-4.49,-1.62%,0.0
2019-04-09,271.65,275.0,269.61,272.31,5904000,0,0,0.66,0.24%,1.0
2019-04-10,276.74,278.38,272.89,276.06,7061300,0,0,-0.68,-0.25%,0.0
2019-04-11,268.3,270.5,265.6,268.42,9835900,0,0,0.12,0.04%,1.0
2019-04-12,270.22,271.95,266.83,267.7,6746000,0,0,-2.52,-0.93%,0.0
2019-04-15,268.63,268.88,258.63,266.38,10038600,0,0,-2.25,-0.84%,0.0
2019-04-16,265.75,275.0,264.72,273.36,7272900,0,0,7.61,2.86%,1.0
2019-04-17,274.75,274.79,268.54,271.23,5126500,0,0,-3.52,-1.28%,0.0
2019-04-18,271.23,274.84,269.75,273.26,5876300,0,0,2.03,0.75%,1.0
2019-04-22,269.0,269.68,262.48,262.75,12147100,0,0,-6.25,-2.32%,0.0
2019-04-23,260.15,265.6,255.75,263.9,10943900,0,0,3.75,1.44%,1.0
2019-04-24,263.85,265.32,258.0,258.66,10727500,0,0,-5.19,-1.97%,0.0
2019-04-25,255.0,259.0,246.07,247.63,21849400,0,0,-7.37,-2.89%,0.0
2019-04-26,246.5,246.68,231.13,235.14,22360700,0,0,-11.36,-4.61%,0.0
2019-04-29,235.86,243.98,232.17,241.47,16714500,0,0,5.61,2.38%,1.0
2019-04-30,242.06,244.21,237.0,238.69,9464600,0,0,-3.37,-1.39%,0.0
2019-05-01,238.85,240.0,231.5,234.01,10704400,0,0,-4.84,-2.03%,0.0
2019-05-02,245.52,247.13,237.72,244.1,18159300,0,0,-1.42,-0.58%,0.0
2019-05-03,243.86,256.61,243.49,255.03,23706800,0,0,11.17,4.58%,1.0
2019-05-06,250.02,258.35,248.5,255.34,10833900,0,0,5.32,2.13%,1.0
2019-05-07,256.8,257.21,245.1,247.06,10131400,0,0,-9.74,-3.79%,0.0
2019-05-08,246.94,250.6,244.2,244.84,6176400,0,0,-2.10,-0.85%,0.0
2019-05-09,242.0,243.68,236.94,241.98,6711400,0,0,-0.02,-0.01%,0.0
2019-05-10,239.75,241.99,236.02,239.52,7008300,0,0,-0.23,-0.10%,0.0
2019-05-13,232.01,232.47,224.5,227.01,10834800,0,0,-5.00,-2.16%,0.0
2019-05-14,229.3,234.5,228.0,232.31,7252400,0,0,3.01,1.31%,1.0
2019-05-15,229.32,232.44,225.25,231.95,7296000,0,0,2.63,1.15%,1.0
2019-05-16,229.49,231.0,226.5,228.33,7483300,0,0,-1.16,-0.51%,0.0
2019-05-17,221.96,222.24,208.92,211.03,17786700,0,0,-10.93,-4.92%,0.0
2019-05-20,202.8,206.0,195.25,205.36,20526200,0,0,2.56,1.26%,1.0
2019-05-21,197.76,207.4,196.04,205.08,18003900,0,0,7.32,3.70%,1.0
2019-05-22,199.1,203.94,191.78,192.73,18685200,0,0,-6.37,-3.20%,0.0
2019-05-23,194.34,199.47,186.22,195.49,26547100,0,0,1.15,0.59%,1.0
2019-05-24,199.83,199.98,188.75,190.63,14136600,0,0,-9.20,-4.60%,0.0
2019-05-28,191.2,195.0,187.85,188.7,10312900,0,0,-2.50,-1.31%,0.0
2019-05-29,187.1,192.39,185.04,189.86,11968600,0,0,2.76,1.48%,1.0
2019-05-30,188.75,192.26,187.02,188.22,7926500,0,0,-0.53,-0.28%,0.0
2019-05-31,185.1,189.92,184.1,185.16,10406700,0,0,0.06,0.03%,1.0
2019-06-03,185.51,186.68,176.99,178.97,13064400,0,0,-6.54,-3.53%,0.0
2019-06-04,181.1,193.98,179.61,193.6,13807500,0,0,12.50,6.90%,1.0
2019-06-05,198.68,201.28,191.85,196.59,13510800,0,0,-2.09,-1.05%,0.0
2019-06-06,204.44,211.0,201.8,205.95,20242200,0,0,1.51,0.74%,1.0
2019-06-07,205.0,210.84,203.5,204.5,16003500,0,0,-0.50,-0.24%,0.0
2019-06-10,210.25,216.94,209.01,212.88,10585000,0,0,2.63,1.25%,1.0
2019-06-11,219.14,220.9,213.5,217.1,11653500,0,0,-2.04,-0.93%,0.0
2019-06-12,222.95,223.38,209.0,209.26,15186200,0,0,-13.69,-6.14%,0.0
2019-06-13,210.38,214.9,207.51,213.91,8168300,0,0,3.53,1.68%,1.0
2019-06-14,211.25,216.65,210.4,214.92,7433400,0,0,3.67,1.74%,1.0
2019-06-17,215.48,227.0,214.27,225.03,12316800,0,0,9.55,4.43%,1.0
2019-06-18,228.72,234.74,222.56,224.74,12715800,0,0,-3.98,-1.74%,0.0
2019-06-19,225.11,227.77,221.06,226.43,6575100,0,0,1.32,0.59%,1.0
2019-06-20,223.0,226.9,216.35,219.62,11863500,0,0,-3.38,-1.52%,0.0
2019-06-21,216.22,222.18,215.5,221.86,8202100,0,0,5.64,2.61%,1.0
2019-06-24,223.24,225.86,221.02,223.64,5750800,0,0,0.40,0.18%,1.0
2019-06-25,224.39,225.34,219.49,219.76,6182100,0,0,-4.63,-2.06%,0.0
2019-06-26,220.31,227.23,218.1,219.27,8507200,0,0,-1.04,-0.47%,0.0
2019-06-27,219.45,222.9,217.35,222.84,6339700,0,0,3.39,1.54%,1.0
2019-06-28,220.99,225.17,220.8,223.46,6851400,0,0,2.47,1.12%,1.0
2019-07-01,230.21,233.1,226.28,227.17,8238000,0,0,-3.04,-1.32%,0.0
2019-07-02,228.89,229.15,222.22,224.55,9259000,0,0,-4.34,-1.90%,0.0
2019-07-03,239.39,241.57,234.51,234.9,14201100,0,0,-4.49,-1.88%,0.0
2019-07-05,234.57,235.45,230.8,233.1,7065700,0,0,-1.47,-0.63%,0.0
2019-07-08,231.24,232.25,228.66,230.34,5880500,0,0,-0.90,-0.39%,0.0
2019-07-09,228.97,231.0,227.28,230.06,6190800,0,0,1.09,0.48%,1.0
2019-07-10,234.15,238.94,233.14,238.92,9145700,0,0,4.77,2.04%,1.0
2019-07-11,238.14,241.5,235.8,238.6,7514400,0,0,0.46,0.19%,1.0
2019-07-12,239.75,245.38,239.71,245.08,9200500,0,0,5.33,2.22%,1.0
2019-07-15,248.0,254.42,244.86,253.5,11000100,0,0,5.50,2.22%,1.0
2019-07-16,249.3,253.53,247.93,252.38,8149000,0,0,3.08,1.24%,1.0
2019-07-17,255.67,258.31,253.35,254.86,9764700,0,0,-0.81,-0.32%,0.0
2019-07-18,255.05,255.75,251.89,253.54,4764500,0,0,-1.51,-0.59%,0.0
2019-07-19,255.69,259.96,254.62,258.18,7048400,0,0,2.49,0.97%,1.0
2019-07-22,258.75,262.15,254.19,255.68,6842400,0,0,-3.07,-1.19%,0.0
2019-07-23,256.71,260.48,254.5,260.17,5023100,0,0,3.46,1.35%,1.0
2019-07-24,259.17,266.07,258.16,264.88,11072800,0,0,5.71,2.20%,1.0
2019-07-25,233.5,234.5,225.55,228.82,22418300,0,0,-4.68,-2.00%,0.0
2019-07-26,226.92,230.26,222.25,228.04,10027700,0,0,1.12,0.49%,1.0
2019-07-29,227.09,235.94,226.03,235.77,9273300,0,0,8.68,3.82%,1.0
2019-07-30,232.9,243.36,232.18,242.26,8109000,0,0,9.36,4.02%,1.0
2019-07-31,243.0,246.68,236.65,241.61,9178200,0,0,-1.39,-0.57%,0.0
2019-08-01,242.65,244.51,231.77,233.85,8259500,0,0,-8.80,-3.63%,0.0
2019-08-02,231.35,236.27,229.23,234.34,6136500,0,0,2.99,1.29%,1.0
2019-08-05,229.6,231.37,225.78,228.32,7028300,0,0,-1.28,-0.56%,0.0
2019-08-06,231.88,232.5,225.75,230.75,5564200,0,0,-1.13,-0.49%,0.0
2019-08-07,226.5,233.57,225.8,233.42,4776500,0,0,6.92,3.06%,1.0
2019-08-08,234.45,239.8,232.65,238.3,5274300,0,0,3.85,1.64%,1.0
2019-08-09,236.05,238.96,233.81,235.01,3898200,0,0,-1.04,-0.44%,0.0
2019-08-12,232.99,235.77,228.75,229.01,4663900,0,0,-3.98,-1.71%,0.0
2019-08-13,228.81,236.0,227.55,235.0,4848100,0,0,6.19,2.71%,1.0
2019-08-14,231.21,231.5,216.69,219.62,9562600,0,0,-11.59,-5.01%,0.0
2019-08-15,220.86,221.56,211.55,215.64,8159600,0,0,-5.22,-2.36%,0.0
2019-08-16,216.66,222.24,216.02,219.94,5098500,0,0,3.28,1.51%,1.0
2019-08-19,224.21,227.83,221.7,226.83,5309600,0,0,2.62,1.17%,1.0
2019-08-20,227.62,229.09,224.54,225.86,4125200,0,0,-1.76,-0.77%,0.0
2019-08-21,222.01,223.22,217.6,220.83,7794300,0,0,-1.18,-0.53%,0.0
2019-08-22,222.8,225.4,218.22,222.15,6559000,0,0,-0.65,-0.29%,0.0
2019-08-23,219.97,221.17,211.0,211.4,8538600,0,0,-8.57,-3.90%,0.0
2019-08-26,213.6,215.02,211.54,215.0,5051900,0,0,1.40,0.66%,1.0
2019-08-27,215.74,218.8,212.03,214.08,5416200,0,0,-1.66,-0.77%,0.0
2019-08-28,213.69,217.25,212.31,215.59,3225500,0,0,1.90,0.89%,1.0
2019-08-29,219.0,223.4,218.0,221.71,5179500,0,0,2.71,1.24%,1.0
2019-08-30,229.15,232.44,224.21,225.61,9320600,0,0,-3.54,-1.54%,0.0
2019-09-03,224.08,228.95,223.16,225.01,5354100,0,0,0.93,0.42%,1.0
2019-09-04,226.89,228.46,219.21,220.68,5761000,0,0,-6.21,-2.74%,0.0
2019-09-05,222.5,229.8,220.85,229.58,7395300,0,0,7.08,3.18%,1.0
2019-09-06,227.2,229.64,225.17,227.45,4189400,0,0,0.25,0.11%,1.0
2019-09-09,230.0,233.76,229.23,231.79,4802700,0,0,1.79,0.78%,1.0
2019-09-10,230.8,235.54,228.94,235.54,4883700,0,0,4.74,2.05%,1.0
2019-09-11,237.38,248.17,236.0,247.1,10042800,0,0,9.72,4.09%,1.0
2019-09-12,247.7,253.5,244.4,245.87,8581200,0,0,-1.83,-0.74%,0.0
2019-09-13,246.96,248.45,244.87,245.2,5313100,0,0,-1.76,-0.71%,0.0
2019-09-16,246.0,247.43,241.17,242.81,4728100,0,0,-3.19,-1.30%,0.0
2019-09-17,242.47,245.6,240.37,244.79,3865400,0,0,2.32,0.96%,1.0
2019-09-18,245.0,248.17,242.37,243.49,4170200,0,0,-1.51,-0.62%,0.0
2019-09-19,246.0,247.94,244.84,246.6,4795800,0,0,0.60,0.24%,1.0
2019-09-20,246.49,246.95,238.16,240.62,6353000,0,0,-5.87,-2.38%,0.0
2019-09-23,240.0,245.18,239.22,241.23,4340200,0,0,1.23,0.51%,1.0
2019-09-24,241.52,241.99,222.61,223.21,12891500,0,0,-18.31,-7.58%,0.0
2019-09-25,224.56,228.98,218.36,228.7,9427100,0,0,4.14,1.84%,1.0
2019-09-26,230.66,243.31,227.4,242.56,11884500,0,0,11.90,5.16%,1.0
2019-09-27,242.2,248.71,238.73,242.13,11116400,0,0,-0.07,-0.03%,0.0
2019-09-30,243.0,243.98,236.11,240.87,5879800,0,0,-2.13,-0.88%,0.0
2019-10-01,241.5,245.95,239.13,244.69,6162600,0,0,3.19,1.32%,1.0
2019-10-02,243.29,244.65,239.43,243.13,5631400,0,0,-0.16,-0.07%,0.0
2019-10-03,231.86,234.48,224.28,233.03,15084500,0,0,1.17,0.50%,1.0
2019-10-04,231.61,234.78,228.07,231.43,7995000,0,0,-0.18,-0.08%,0.0
2019-10-07,229.8,238.56,228.55,237.72,8064200,0,0,7.92,3.45%,1.0
2019-10-08,235.87,243.94,234.5,240.05,8678200,0,0,4.18,1.77%,1.0
2019-10-09,241.32,247.3,240.65,244.53,6894400,0,0,3.21,1.33%,1.0
2019-10-10,245.28,249.28,241.58,244.74,6283300,0,0,-0.54,-0.22%,0.0
2019-10-11,247.15,251.08,246.81,247.89,8475400,0,0,0.74,0.30%,1.0
2019-10-14,247.9,258.55,247.13,256.96,10205000,0,0,9.06,3.65%,1.0
2019-10-15,257.7,260.0,254.12,257.89,6432800,0,0,0.19,0.07%,1.0
2019-10-16,257.39,262.1,256.92,259.75,6684100,0,0,2.36,0.92%,1.0
2019-10-17,262.5,264.78,260.17,261.97,4769300,0,0,-0.53,-0.20%,0.0
2019-10-18,260.7,262.8,255.1,256.95,5749800,0,0,-3.75,-1.44%,0.0
2019-10-21,258.33,259.5,250.18,253.5,5020300,0,0,-4.83,-1.87%,0.0
2019-10-22,254.32,258.33,250.85,255.58,4600800,0,0,1.26,0.50%,1.0
2019-10-23,254.5,256.14,251.35,254.68,5261100,0,0,0.18,0.07%,1.0
2019-10-24,298.37,304.93,289.2,299.68,29720900,0,0,1.31,0.44%,1.0
2019-10-25,297.72,330.0,296.11,328.13,30006100,0,0,30.41,10.21%,1.0
2019-10-28,327.54,340.84,322.6,327.71,18870300,0,0,0.17,0.05%,1.0
2019-10-29,319.99,324.3,314.75,316.22,12684300,0,0,-3.77,-1.18%,0.0
2019-10-30,313.0,318.79,309.97,315.01,9641800,0,0,2.01,0.64%,1.0
2019-10-31,313.1,319.0,313.0,314.92,5067000,0,0,1.82,0.58%,1.0
2019-11-01,316.32,316.48,309.8,313.31,6383900,0,0,-3.01,-0.95%,0.0
2019-11-04,314.8,321.94,309.26,317.47,8787000,0,0,2.67,0.85%,1.0
2019-11-05,319.62,323.51,316.12,317.22,6943400,0,0,-2.40,-0.75%,0.0
2019-11-06,318.0,326.72,314.5,326.58,7940900,0,0,8.58,2.70%,1.0
2019-11-07,329.14,341.5,328.02,335.54,14467300,0,0,6.40,1.94%,1.0
2019-11-08,334.5,337.46,332.5,337.14,6069200,0,0,2.64,0.79%,1.0
2019-11-11,343.95,349.19,342.0,345.09,9986700,0,0,1.14,0.33%,1.0
2019-11-12,346.9,350.37,344.04,349.93,7359400,0,0,3.03,0.87%,1.0
2019-11-13,355.0,356.33,345.18,346.11,8420100,0,0,-8.89,-2.50%,0.0
2019-11-14,346.11,353.84,342.91,349.35,6464900,0,0,3.24,0.94%,1.0
2019-11-15,350.64,352.8,348.36,352.17,4809000,0,0,1.53,0.44%,1.0
2019-11-18,352.92,353.15,346.1,349.99,4400400,0,0,-2.93,-0.83%,0.0
2019-11-19,351.75,359.99,347.8,359.52,7724800,0,0,7.77,2.21%,1.0
2019-11-20,360.0,361.2,349.57,352.22,6725100,0,0,-7.78,-2.16%,0.0
2019-11-21,354.51,360.84,354.0,354.83,6110000,0,0,0.32,0.09%,1.0
2019-11-22,340.16,341.0,330.0,333.04,16870600,0,0,-7.12,-2.09%,0.0
2019-11-25,344.32,344.57,334.46,336.34,12339500,0,0,-7.98,-2.32%,0.0
2019-11-26,335.27,335.5,327.1,328.92,7947400,0,0,-6.35,-1.89%,0.0
2019-11-27,331.12,333.93,328.57,331.29,5555600,0,0,0.17,0.05%,1.0
2019-11-29,331.11,331.26,327.5,329.94,2465600,0,0,-1.17,-0.35%,0.0
2019-12-02,329.4,336.38,328.69,334.87,6074500,0,0,5.47,1.66%,1.0
2019-12-03,332.62,337.91,332.19,336.2,6573700,0,0,3.58,1.08%,1.0
2019-12-04,337.75,337.86,332.85,333.03,5533000,0,0,-4.72,-1.40%,0.0
2019-12-05,332.83,334.42,327.25,330.37,3724600,0,0,-2.46,-0.74%,0.0
2019-12-06,335.0,338.86,334.77,335.89,7612400,0,0,0.89,0.27%,1.0
2019-12-09,336.59,344.45,335.08,339.53,9023100,0,0,2.94,0.87%,1.0
2019-12-10,339.96,350.73,339.31,348.84,8828300,0,0,8.88,2.61%,1.0
2019-12-11,351.88,357.19,351.09,352.7,6897800,0,0,0.82,0.23%,1.0
2019-12-12,354.92,362.74,353.23,359.68,7763900,0,0,4.76,1.34%,1.0
2019-12-13,361.05,365.21,354.64,358.39,6570900,0,0,-2.66,-0.74%,0.0
2019-12-16,362.55,383.61,362.5,381.5,18174200,0,0,18.95,5.23%,1.0
2019-12-17,378.99,385.5,375.9,378.99,8496800,0,0,0.00,0.00%,0.0
2019-12-18,380.63,395.22,380.58,393.15,14121000,0,0,12.52,3.29%,1.0
2019-12-19,397.32,406.85,396.5,404.04,18107100,0,0,6.72,1.69%,1.0
2019-12-20,410.29,413.0,400.19,405.59,14752700,0,0,-4.70,-1.15%,0.0
2019-12-23,411.78,422.01,410.0,419.22,13319600,0,0,7.44,1.81%,1.0
2019-12-24,418.36,425.47,412.69,425.25,8054700,0,0,6.89,1.65%,1.0
2019-12-26,427.91,433.48,426.35,430.94,10633900,0,0,3.03,0.71%,1.0
2019-12-27,435.0,435.31,426.11,430.38,9945700,0,0,-4.62,-1.06%,0.0
2019-12-30,428.79,429.0,409.26,414.7,12586400,0,0,-14.09,-3.29%,0.0
2019-12-31,405.0,421.29,402.08,418.33,10285700,0,0,13.33,3.29%,1.0
2020-01-02,424.5,430.7,421.71,430.26,9532100,0,0,5.76,1.36%,1.0
2020-01-03,440.5,454.0,436.92,443.01,17778500,0,0,2.51,0.57%,1.0
2020-01-06,440.47,451.56,440.0,451.54,10133000,0,0,11.07,2.51%,1.0
2020-01-07,461.4,471.63,453.36,469.06,17882100,0,0,7.66,1.66%,1.0
2020-01-08,473.7,498.49,468.23,492.14,31144300,0,0,18.44,3.89%,1.0
2020-01-09,497.1,498.8,472.87,481.34,28440400,0,0,-15.76,-3.17%,0.0
2020-01-10,481.79,484.94,473.7,478.15,12959500,0,0,-3.64,-0.76%,0.0
2020-01-13,493.5,525.63,492.0,524.86,26517600,0,0,31.36,6.35%,1.0
2020-01-14,544.26,547.41,524.9,537.92,28996200,0,0,-6.34,-1.16%,0.0
2020-01-15,529.76,537.84,516.79,518.5,17368800,0,0,-11.26,-2.13%,0.0
2020-01-16,493.75,514.46,492.17,513.49,21736700,0,0,19.74,4.00%,1.0
2020-01-17,507.61,515.67,503.16,510.5,13629100,0,0,2.89,0.57%,1.0
2020-01-21,530.25,548.58,528.41,547.2,17803500,0,0,16.95,3.20%,1.0
2020-01-22,571.89,594.5,559.1,569.56,31369000,0,0,-2.33,-0.41%,0.0
2020-01-23,564.25,582.0,555.6,572.2,19651000,0,0,7.95,1.41%,1.0
2020-01-24,570.63,573.86,554.26,564.82,14353600,0,0,-5.81,-1.02%,0.0
2020-01-27,541.99,564.44,539.28,558.02,13608100,0,0,16.03,2.96%,1.0
2020-01-28,568.49,576.81,558.08,566.9,11788500,0,0,-1.59,-0.28%,0.0
2020-01-29,575.69,589.8,567.43,580.99,17801500,0,0,5.30,0.92%,1.0
2020-01-30,632.42,650.88,618.0,640.81,29005700,0,0,8.39,1.33%,1.0
2020-01-31,640.0,653.0,632.52,650.57,15719300,0,0,10.57,1.65%,1.0
2020-02-03,673.69,786.14,673.52,780.0,47233500,0,0,106.31,15.78%,1.0
2020-02-04,882.96,968.99,833.88,887.06,60938800,0,0,4.10,0.46%,1.0
2020-02-05,823.26,845.98,704.11,734.7,48423800,0,0,-88.56,-10.76%,0.0
2020-02-06,699.92,795.83,687.0,748.96,39880800,0,0,49.04,7.01%,1.0
2020-02-07,730.55,769.75,730.0,748.07,17063500,0,0,17.52,2.40%,1.0
2020-02-10,800.0,819.99,752.4,771.28,24689200,0,0,-28.72,-3.59%,0.0
2020-02-11,768.79,783.51,758.0,774.38,11697500,0,0,5.59,0.73%,1.0
2020-02-12,777.87,789.75,763.37,767.29,12022500,0,0,-10.58,-1.36%,0.0
2020-02-13,741.84,818.0,735.0,804.0,26289300,0,0,62.16,8.38%,1.0
2020-02-14,787.22,812.97,785.5,800.03,15693700,0,0,12.81,1.63%,1.0
2020-02-18,841.6,860.0,832.36,858.4,16381700,0,0,16.80,2.00%,1.0
2020-02-19,923.5,944.78,901.02,917.42,25423000,0,0,-6.08,-0.66%,0.0
2020-02-20,911.95,912.0,859.94,899.41,17634900,0,0,-12.54,-1.38%,0.0
2020-02-21,906.98,913.06,880.45,901.0,14314800,0,0,-5.98,-0.66%,0.0
2020-02-24,839.0,863.5,822.2,833.79,15192200,0,0,-5.21,-0.62%,0.0
2020-02-25,849.0,856.6,787.0,799.91,17290500,0,0,-49.09,-5.78%,0.0
2020-02-26,782.5,813.31,776.11,778.8,14085500,0,0,-3.70,-0.47%,0.0
2020-02-27,730.0,739.77,669.0,679.0,24149300,0,0,-51.00,-6.99%,0.0
2020-02-28,629.7,690.52,611.52,667.99,24564200,0,0,38.29,6.08%,1.0
2020-03-02,711.26,743.69,686.67,743.62,20195000,0,0,32.36,4.55%,1.0
2020-03-03,805.0,806.98,716.11,745.51,25784000,0,0,-59.49,-7.39%,0.0
2020-03-04,763.96,766.52,724.73,749.5,15049000,0,0,-14.46,-1.89%,0.0
2020-03-05,723.77,745.75,718.07,724.54,10852700,0,0,0.77,0.11%,1.0
2020-03-06,690.0,707.0,684.27,703.48,12662900,0,0,13.48,1.95%,1.0
2020-03-09,605.39,663.0,605.0,608.0,17073700,0,0,2.61,0.43%,1.0
2020-03-10,659.43,668.0,608.0,645.33,15594400,0,0,-14.10,-2.14%,0.0
2020-03-11,640.2,653.58,613.0,634.23,13322500,0,0,-5.97,-0.93%,0.0
2020-03-12,580.89,594.5,546.25,560.55,18909100,0,0,-20.34,-3.50%,0.0
2020-03-13,595.0,607.57,502.0,546.62,22640300,0,0,-48.38,-8.13%,0.0
2020-03-16,469.5,494.87,442.17,445.07,20489500,0,0,-24.43,-5.20%,0.0
2020-03-17,440.01,471.85,396.0,430.2,23994600,0,0,-9.81,-2.23%,0.0
2020-03-18,389.0,404.86,350.51,361.22,23786200,0,0,-27.78,-7.14%,0.0
2020-03-19,374.7,452.0,358.46,427.64,30195500,0,0,52.94,14.13%,1.0
2020-03-20,438.2,477.0,425.79,427.53,28285500,0,0,-10.67,-2.43%,0.0
2020-03-23,433.6,442.0,410.5,434.29,16454500,0,0,0.69,0.16%,1.0
2020-03-24,477.3,513.69,474.0,505.0,22895200,0,0,27.70,5.80%,1.0
2020-03-25,545.25,557.0,511.11,539.25,21222700,0,0,-6.00,-1.10%,0.0
2020-03-26,547.39,560.0,512.25,528.16,17380700,0,0,-19.23,-3.51%,0.0
2020-03-27,505.0,525.8,494.03,514.36,14377400,0,0,9.36,1.85%,1.0
2020-03-30,510.26,516.65,491.23,502.13,11998100,0,0,-8.13,-1.59%,0.0
2020-03-31,501.25,542.96,497.0,524.0,17771500,0,0,22.75,4.54%,1.0
2020-04-01,504.0,513.95,475.1,481.56,13353200,0,0,-22.44,-4.45%,0.0
2020-04-02,481.03,494.26,446.4,454.47,19858400,0,0,-26.56,-5.52%,0.0
2020-04-03,509.5,515.49,468.39,480.01,22562100,0,0,-29.49,-5.79%,0.0
2020-04-06,511.2,521.0,497.96,516.24,14901800,0,0,5.04,0.99%,1.0
2020-04-07,545.0,565.0,532.34,545.45,17919800,0,0,0.45,0.08%,1.0
2020-04-08,554.2,557.21,533.33,548.84,12656000,0,0,-5.36,-0.97%,0.0
2020-04-09,562.09,575.18,557.11,573.0,13650000,0,0,10.91,1.94%,1.0
2020-04-13,590.16,652.0,580.53,650.95,22475400,0,0,60.79,10.30%,1.0
2020-04-14,698.97,741.88,692.43,709.89,30576500,0,0,10.92,1.56%,1.0
2020-04-15,742.0,753.13,710.0,729.83,23577000,0,0,-12.17,-1.64%,0.0
2020-04-16,716.94,759.45,706.72,745.21,20657900,0,0,28.27,3.94%,1.0
2020-04-17,772.28,774.95,747.66,753.89,13128200,0,0,-18.39,-2.38%,0.0
2020-04-20,732.7,765.57,712.21,746.36,14746600,0,0,13.66,1.86%,1.0
2020-04-21,730.12,753.33,673.79,686.72,20209100,0,0,-43.40,-5.94%,0.0
2020-04-22,703.98,734.0,688.71,732.11,14224800,0,0,28.13,4.00%,1.0
2020-04-23,727.6,734.0,703.13,705.63,13236700,0,0,-21.97,-3.02%,0.0
2020-04-24,710.81,730.73,698.18,725.15,13237600,0,0,14.34,2.02%,1.0
2020-04-27,737.61,799.49,735.0,798.75,20681400,0,0,61.14,8.29%,1.0
2020-04-28,795.64,805.0,756.69,769.12,15222000,0,0,-26.52,-3.33%,0.0
2020-04-29,790.17,803.2,783.16,800.51,16216000,0,0,10.34,1.31%,1.0
2020-04-30,855.19,869.82,763.5,781.88,28400100,0,0,-73.31,-8.57%,0.0
2020-05-01,755.0,772.77,683.04,701.32,32531800,0,0,-53.68,-7.11%,0.0
2020-05-04,701.0,762.0,698.0,761.19,19237100,0,0,60.19,8.59%,1.0
2020-05-05,789.79,798.92,762.18,768.21,16991700,0,0,-21.58,-2.73%,0.0
2020-05-06,776.5,789.8,761.11,782.58,11123200,0,0,6.08,0.78%,1.0
2020-05-07,777.21,796.4,772.35,780.04,11527700,0,0,2.83,0.36%,1.0
2020-05-08,793.77,824.0,787.01,819.42,16130100,0,0,25.65,3.23%,1.0
2020-05-11,790.51,824.0,785.0,811.29,16471100,0,0,20.78,2.63%,1.0
2020-05-12,827.0,843.29,808.0,809.41,15906900,0,0,-17.59,-2.13%,0.0
2020-05-13,820.83,826.0,763.3,790.96,19065500,0,0,-29.87,-3.64%,0.0
2020-05-14,780.0,803.36,764.0,803.33,13682200,0,0,23.33,2.99%,1.0
2020-05-15,790.35,805.05,786.55,799.17,10518400,0,0,8.82,1.12%,1.0
2020-05-18,827.78,834.72,803.88,813.63,11698100,0,0,-14.15,-1.71%,0.0
2020-05-19,815.17,822.07,806.08,808.01,9636500,0,0,-7.16,-0.88%,0.0
2020-05-20,820.5,826.0,811.8,815.56,7309300,0,0,-4.94,-0.60%,0.0
2020-05-21,816.0,832.5,796.0,827.6,12254600,0,0,11.60,1.42%,1.0
2020-05-22,822.17,831.78,812.0,816.88,9987500,0,0,-5.29,-0.64%,0.0
2020-05-26,834.5,834.6,815.71,818.87,8089700,0,0,-15.63,-1.87%,0.0
2020-05-27,820.86,827.71,785.0,820.23,11549500,0,0,-0.63,-0.08%,0.0
2020-05-28,813.51,824.75,801.69,805.81,7255600,0,0,-7.70,-0.95%,0.0
2020-05-29,808.75,835.0,804.21,835.0,11812500,0,0,26.25,3.25%,1.0
2020-06-01,858.0,899.0,854.1,898.1,14939500,0,0,40.10,4.67%,1.0
2020-06-02,894.7,908.66,871.0,881.56,13565600,0,0,-13.14,-1.47%,0.0
2020-06-03,888.12,897.94,880.1,882.96,7949500,0,0,-5.16,-0.58%,0.0
2020-06-04,889.88,895.75,858.44,864.38,8887700,0,0,-25.50,-2.87%,0.0
2020-06-05,877.84,886.52,866.2,885.66,7811900,0,0,7.82,0.89%,1.0
2020-06-08,919.0,950.0,909.16,949.92,14174700,0,0,30.92,3.36%,1.0
2020-06-09,940.01,954.44,923.93,940.67,11388200,0,0,0.66,0.07%,1.0
2020-06-10,991.88,1027.48,982.5,1025.05,18563400,0,0,33.17,3.34%,1.0
2020-06-11,990.2,1018.96,972.0,972.84,15916500,0,0,-17.36,-1.75%,0.0
2020-06-12,980.0,987.98,912.6,935.28,16730200,0,0,-44.72,-4.56%,0.0
2020-06-15,917.79,998.84,908.5,990.9,15697200,0,0,73.11,7.97%,1.0
2020-06-16,1011.85,1012.88,962.39,982.13,14051100,0,0,-29.72,-2.94%,0.0
2020-06-17,987.71,1005.0,982.57,991.79,9869400,0,0,4.08,0.41%,1.0
2020-06-18,1003.0,1019.2,994.47,1003.96,9751900,0,0,0.96,0.10%,1.0
2020-06-19,1012.78,1015.97,991.34,1000.9,8679700,0,0,-11.88,-1.17%,0.0
2020-06-22,999.95,1008.88,990.02,994.32,6362400,0,0,-5.63,-0.56%,0.0
2020-06-23,998.88,1012.0,994.01,1001.78,6365300,0,0,2.90,0.29%,1.0
2020-06-24,994.11,1000.88,953.14,960.85,10959600,0,0,-33.26,-3.35%,0.0
2020-06-25,954.27,985.98,937.15,985.98,9254500,0,0,31.71,3.32%,1.0
2020-06-26,994.78,995.0,954.87,959.74,8854900,0,0,-35.04,-3.52%,0.0
2020-06-29,969.01,1010.0,948.52,1009.35,9026400,0,0,40.34,4.16%,1.0
2020-06-30,1006.5,1087.69,1003.73,1079.81,16918500,0,0,73.31,7.28%,1.0
2020-07-01,1083.0,1135.33,1080.5,1119.63,13326900,0,0,36.63,3.38%,1.0
2020-07-02,1221.48,1228.0,1185.6,1208.66,17250100,0,0,-12.82,-1.05%,0.0
2020-07-06,1276.69,1377.79,1266.04,1371.58,20569900,0,0,94.89,7.43%,1.0
2020-07-07,1405.01,1429.5,1336.71,1389.86,21489700,0,0,-15.15,-1.08%,0.0
2020-07-08,1405.0,1417.26,1311.34,1365.88,16311300,0,0,-39.12,-2.78%,0.0
2020-07-09,1396.99,1408.56,1351.28,1394.28,11717600,0,0,-2.71,-0.19%,0.0
2020-07-10,1396.0,1548.92,1376.01,1544.65,23337600,0,0,148.65,10.65%,1.0
2020-07-13,1659.0,1794.99,1471.11,1497.06,38985400,0,0,-161.94,-9.76%,0.0
2020-07-14,1556.0,1590.0,1431.0,1516.8,23418100,0,0,-39.20,-2.52%,0.0
2020-07-15,1543.0,1550.0,1457.0,1546.01,16367800,0,0,3.01,0.20%,1.0
2020-07-16,1477.16,1531.71,1466.0,1500.64,14300800,0,0,23.48,1.59%,1.0
2020-07-17,1513.45,1537.51,1490.0,1500.84,9330000,0,0,-12.61,-0.83%,0.0
2020-07-20,1519.01,1650.0,1488.0,1643.0,17044800,0,0,123.99,8.16%,1.0
2020-07-21,1639.93,1675.0,1558.0,1568.36,15987757,0,0,-71.57,-4.36%,0.0
